&rad

o3mixp=         5.3E-08,     5.5E-08,      6.5E-08,     2.2E-07,     1.4E-06,     1.14E-05   

pj=             1.0    ,     0.75   ,      0.50   ,     0.25   ,     0.10   ,     0.01       

ako3(1,:)=  12103.15537, 12402.63363,  12815.75276, 13293.58735, 12792.67732,  5263.93060
ako3(2,:)=   4073.95522,  3824.69235,   3430.8699 ,  2683.45418,  1705.58659,   294.00564
ako3(3,:)=    256.02950,   246.52991,    229.39518,   189.37447,   123.25784,    19.16440
ako3(4,:)=      0.02424,     0.02417,     0.02402 ,     0.02357,     0.02223,     0.00373    

akco2(1,:)=    21.55629,    19.04724,    15.82831,    11.24202,      6.87763,     1.93565
akco2(2,:)=     1.41477,     1.19470,     0.94231,     0.63257,      0.38015,     0.06712
akco2(3,:)=     0.02091,     0.01822,     0.01471,     0.00950,      0.00443,     0.00784
akco2(4,:)=  4285.18491,  4190.41876,  3956.55409,  3319.57528,   2275.73601,   527.26813
akco2(5,:)=   490.02297,   420.10700,   331.10330,   211.02566,    109.50739,    18.39552
akco2(6,:)=    52.24044,    42.14958,    31.06085,    18.17948,      8.80769,     1.40437

akh2o(01,:)=    0.02080,     0.01550,     0.01040,     0.00510,      0.00200,     0.00062
akh2o(02,:)=    0.17070,     0.12910,     0.08630,     0.04300,      0.01710,     0.00043
akh2o(03,:)=    3.69350,     3.03920,     2.18270,     1.18620,      0.48190,     0.00012
akh2o(04,:)=    0.09550,     0.07170,     0.04775,     0.02390,      0.00970,     0.00096
akh2o(05,:)=    0.56670,     0.42490,     0.28390,     0.14190,      0.05620,     0.00565
akh2o(06,:)=    4.42380,     3.37860,     2.27150,     1.14360,      0.45980,     0.04582
akh2o(07,:)=   52.2782 ,    46.7368 ,    37.4543 ,    22.1443 ,      9.48870,     0.96239
akh2o(08,:)=    0.74700,     0.55860,     0.37410,     0.18640,      0.07480,     0.00757
akh2o(09,:)=    6.21910,     4.71170,     3.17460,     1.57760,      0.63070,     0.06400
akh2o(10,:)=  108.8498 ,    93.64720,    70.7601 ,    40.4311 ,     16.7743 ,     1.64448
akh2o(11,:)=    5.32480,     4.02140,     2.69230,     1.33950,      0.53460,     0.05812
akh2o(12,:)=   37.4911 ,    28.7735 ,    19.3551 ,     9.8670 ,      3.93660,     0.48536
akh2o(13,:)=  399.4563 ,   372.4726 ,   317.0208 ,   199.0702 ,     91.07190,     9.51138
akh2o(14,:)=   19.5458 ,    14.6823 ,     9.89610,     4.88830,      1.96260,     0.19703
akh2o(15,:)=  129.8270 ,   100.9301 ,    68.2980 ,    34.9858 ,     13.9141 ,     1.39263
akh2o(16,:)= 1289.8795 ,  1225.3730 ,  1077.8933 ,   713.0905 ,    338.1374 ,    34.83768
akh2o(17,:)=   10.1830 ,     7.64440,     5.09240,     2.54900,      1.04120,     0.10272
akh2o(18,:)=   61.2038 ,    46.4646 ,    31.2440 ,    15.7152 ,      6.24550,     0.62696
akh2o(19,:)=  363.8096 ,   297.8458 ,   214.1972 ,   112.6198 ,     45.6958 ,     4.55650
akh2o(20,:)= 2005.95   ,  2053.91   ,  1991.06   ,  1561.74   ,    825.730  ,    89.7681 
akh2o(21,:)=   15.3380 ,    11.5228 ,     8.5296 ,     3.8592 ,      1.54910,     0.15449
akh2o(22,:)=   72.4480 ,    54.6480 ,    32.2028 ,    18.2840 ,      7.31640,     0.73264
akh2o(23,:)=  440.2140 ,   352.1620 ,   512.833  ,   128.293  ,     51.6640 ,     5.14812
akh2o(24,:)= 3343.51   ,  3347.37   ,   512.833  ,   233.720  ,   1182.99   ,   124.7161 
akh2o(25,:)=    3.76110,     2.82540,     1.88200,     0.94320,      0.37750,     0.03777
akh2o(26,:)=   29.5500 ,    22.4360 ,    15.1239 ,     7.57360,      3.02760,     0.30409
akh2o(27,:)=  424.620  ,   379.480  ,   304.175  ,   180.650  ,     78.0440 ,     7.94202
akh2o(28,:)=    1.25230,     0.93840,     0.62750,     0.31300,      0.12450,     0.01251
akh2o(29,:)=   27.4300 ,    22.1200 ,    15.7100 ,     8.2700 ,      3.37560,     0.34112
akh2o(30,:)=    0.14650,     0.11010,     0.07330,     0.03670,      0.01480,     0.01476
akh2o(31,:)=    4.95E-8,     4.95E-8,     4.95E-8,     4.95E-8,      4.95E-8,     4.95E-8
akh2o(32,:)=    6.06E-8,     6.06E-8,     6.06E-8,     6.06E-8,      6.06E-8,     6.06E-8
akh2o(33,:)=    1.12E-7,     1.12E-7,     1.12E-7,     1.12E-7,      1.12E-7,     1.12E-7
akh2o(34,:)=    1.32700,     1.38470,     0.97515,     0.50750,      0.20570,     0.02090
akh2o(35,:)=    0.07038,     0.05380,     0.03595,     0.01790,      0.00720,     0.00068
akh2o(36,:)=    0.00782,     0.00590,     0.00393,     0.00190,      0.00078,     0.00002
akh2o(37,:)=    0.00128,     0.00096,     0.00642,     0.00032,      0.00013,     0.00010
akh2o(38,:)=    3.00300,     2.91330,     1.97760,     1.00080,      0.40170,     0.0402 
akh2o(39,:)=    0.13090,     0.09870,     0.06580,     0.03290,      0.00131,     0.00131
akh2o(40,:)=    0.01379,     0.01350,     0.00690,     0.00350,      0.00014,     0.00014
akh2o(41,:)=   29.2600 ,    27.7800 ,    19.0800 ,     9.7400 ,      3.92000,     0.39310
akh2o(42,:)=    1.27900,     0.96860,     0.64580,     0.32290,      0.12910,     0.01290
akh2o(43,:)=    0.13480,     0.10150,     0.06770,     0.03380,      0.01350,     0.00135
akh2o(44,:)=  716.500  ,   666.670  ,   491.250  ,   266.300  ,    109.670  ,    11.2050 
akh2o(45,:)=   39.7800 ,    29.7300 ,    19.8800 ,     9.9500 ,      3.98000,     0.37610
akh2o(46,:)=    4.47600,     3.35300,     2.23640,     1.11900,      0.44740,     0.00996
akh2o(47,:)=    0.73960,     0.55410,     0.36940,     0.18460,      0.07390,     0.06010
akh2o(48,:)= 5631.00   ,  6090.99   ,  4475.54   ,  2422.79   ,    998.340  ,   100.540  
akh2o(49,:)=  414.800  ,   309.620  ,   206.840  ,   103.450  ,     41.3600 ,     4.13620
akh2o(50,:)=   53.4600 ,    40.2600 ,    26.8600 ,    13.4300 ,      5.37520,     0.53760
akh2o(51,:)=    9.56300,     7.17130,     4.78020,     2.38970,      0.95580,     0.09560
akh2o(52,:)= 2779.00   ,  2844.55   ,  1937.23   ,   982.710  ,    394.850  ,    39.5000 
akh2o(53,:)=  134.600  ,   108.410  ,    72.2400 ,    36.1100 ,     14.4000 ,     1.44600
akh2o(54,:)=    0.008995,    8.62480,     5.75790,     2.8800 ,      1.15300,     0.10640

contnm=         0.      ,    0.     ,     0.     ,     0.     ,      0.     ,     0.      ,
                0.      ,    0.     ,     0.     ,     0.     ,      0.     ,     0.      ,
                0.      ,    0.     ,     0.     ,     0.     ,      0.     ,     0.      ,
                0.      ,    0.     ,     0.     ,     0.     ,      0.     ,     0.      ,
                0.      ,    0.     ,     0.     ,     0.     ,      0.     ,     0.      ,
                0.      ,    0.     ,     0.     ,     0.     ,      0.     ,     0.      , 
                2.e-7   ,    2.e-7  ,     2.e-7  ,     2.e-7  ,      2.e-7  ,     2.e-7   ,
                2.e-7   ,    2.e-7  ,     2.e-7  ,     2.e-7  ,      2.e-7  ,     2.e-7   ,
                4.266E-7,    4.266E-7,    4.266E-7,    4.266E-7,     4.266E-7,    4.266E-7,
                4.266E-7,    4.266E-7,    4.266E-7,    9.65E-7 ,     9.65E-7 ,    9.65E-7 ,
                2.423E-6,    2.423E-6,    2.423E-6,    2.423E-6,     5.765E-6,    5.765E-6,
                5.765E-6,    5.765E-6,    1.482E-5,    1.482E-5,     1.482E-5

gangle=         0.2123405382, 0.5905331356, 0.9114120405

gratio=         0.4679139346, 0.3607615730, 0.1713244924

gweight=        0.0698269799, 0.2292411064, 0.2009319137

weight=         1.00     , 1.00     , 1.00     , 1.00     , 1.00     , 1.00     , 1.00     , 1.00     , 
                1.00     , 1.00     , 1.00     , 1.00     , 1.00     , 1.00     , 1.00     , 1.00     ,
                0.8471   , 0.1316   , 0.0158   , 0.0055   , 0.7825   , 0.19240  , 0.0251   , 0.8091   ,
                0.1689   , 0.0221   , 1.0000   , 0.41070  , 0.4885   , 0.0751   , 0.0258   , 1.0000   ,
                0.6385   , 0.29660  , 0.0484   , 0.0164   , 0.2964   , 0.3854   , 0.2583   , 0.05990  ,
                0.9486   , 0.0455   , 0.0059   , 0.2962   , 0.3234   , 0.25880  , 0.1216   , 0.5866   ,
                0.3524   , 0.0449   , 0.0160   , 1.00000  , 2.2823E-2, 3.8272E-3, 3.1557E-3, 2.7938E-3,
                2.3677E-1, 3.9705E-2, 3.2738E-2, 2.8984E-2, 1.8182E-1, 3.0489E-2, 2.5139E-2, 2.2256E-2,
                1.7783E-1, 2.9820E-2, 2.4587E-2, 2.1768E-2, 8.0862E-2, 1.3560E-2, 1.1180E-2, 9.8984E-3,
                0.3807   , 0.3416   , 0.2256   , 0.0522   , 1.0000   , 0.3908   , 0.1383   , 0.1007   ,
                0.0967   , 0.0984   , 0.1751,                                                           
                !Data for infrared
                0.3710   , 0.4400   , 0.1890   , 0.3070   , 0.3980   , 0.2050   , 0.0900   , 0.4030   ,
                0.4150   , 0.1820   , 0.3770   , 0.4330   , 0.1900   , 0.3100   , 0.4580   , 0.2320   ,
                0.3160   , 0.3980   , 0.1850   , 0.1010   , 0.2030   , 0.4010   , 0.2720   , 0.1240   ,
                0.3820   , 0.4240   , 0.1940   , 0.4120   , 0.1800   , 0.4080   , 1.0000   , 0.2220   ,
                0.3400   , 0.1400   , 0.2980   , 1.0000   , 0.0117   , 0.0311   , 0.0615   , 0.0458   ,
                0.0176   , 0.0468   , 0.0927   , 0.0689   , 0.0487   , 0.1292   , 0.2558   , 0.1903   ,
                0.0242   , 0.0633   , 0.0665   , 0.0589   , 0.1541   , 0.1620   , 0.0740   , 0.1936   ,
                0.2035   , 0.1570   , 0.4100   , 0.4330   , 0.0810   , 0.2080   , 0.4090   , 0.3020   ,
                0.0990   , 0.2200   , 0.4040   , 0.2770   , 0.3670   , 0.5870   , 0.0460               
                
treal(1,:)=     1.38    , 1.37    , 1.365   , 1.36    , 1.357   ,  
                1.353   , 1.342   , 1.3401  , 1.3372  , 1.336   ,
                1.3355  , 1.3342  , 1.333   , 1.3323  , 1.3322  ,
                1.332   , 1.332   , 1.332   , 1.331   , 1.330   ,
                1.329   , 1.328   , 1.327   , 1.323   , 1.319   ,
                1.313   , 1.305   , 1.295   , 1.252   , 1.455   ,
                1.362   , 1.334   , 1.326   , 1.320   , 1.308   ,
                1.283   , 1.278   , 1.313   , 1.326   , 1.310   , 
                1.293   , 1.270   , 1.227   , 1.164   , 1.173   , 
                1.287   , 1.415   , 1.508   , 1.541   , 1.669 

treal(2,:)=     1.3480E+00,  1.3407E+00,  1.3353E+00,  1.3307E+00,  1.3275E+00,
                1.3231E+00,  1.3177E+00,  1.3165E+00,  1.3147E+00,  1.3140E+00,
                1.3133E+00,  1.3115E+00,  1.3098E+00,  1.3080E+00,  1.3077E+00,
                1.3071E+00,  1.3065E+00,  1.3056E+00,  1.3047E+00,  1.3038E+00,
                1.3028E+00,  1.3014E+00,  1.2997E+00,  1.2955E+00,  1.2906E+00,
                1.2837E+00,  1.2717E+00,  1.2629E+00,  1.1815E+00,  1.4310E+00,
                1.3874E+00,  1.3473E+00,  1.3427E+00,  1.3288E+00,  1.3140E+00,  
                1.2972E+00,  1.2908E+00,  1.3155E+00,  1.3186E+00,  1.3189E+00,  
                1.3125E+00,  1.2848E+00,  1.2268E+00,  1.1921E+00,  1.4906E+00,  
                1.5588E+00,  1.5143E+00,  1.4427E+00,  1.3047E+00,  1.4859E+00 

ttmag(1,:)=     1.e-15  , 1.e-15  , 1.e-15  , 1.e-15  , 1.e-15  ,
                1.e-15  , 1.e-15  , 1.e-15  , 1.e-15  , 1.e-15  ,
                1.e-15  , 1.e-15  , 1.e-15  , 2.70E-08, 1.82E-8 ,
                2.11E-8,  1.68E-07, 6.66E-08, 1.24E-07, 2.94E-07,
                8.77E-07, 3.06E-06, 2.05E-06, 2.39E-05, 1.20E-04,
                1.18E-04, 6.79E-04, 3.51E-04, 2.39E-03, 0.0442  ,
                0.00339 , 0.00833 , 0.0139  , 0.0125  , 0.011   ,
                0.015   , 0.075   , 0.086   , 0.039   , 0.035   ,
                0.035   , 0.038   , 0.051   , 0.161   , 0.308   ,
                0.39    , 0.42    , 0.395   , 0.373   , 0.5     

ttmag(2,:)=     8.0822E-09,  6.7516E-09,  5.7565E-09,  4.8780E-09,  4.2693E-09,
                3.4207E-09,  2.2612E-09,  2.09E-09  ,  1.84E-09  ,  1.7429E-09,
                7.5115E-09,  2.64E-09  ,  5.12E-09  ,  2.4450E-08,  1.89E-08  ,
                2.08E-08  ,  3.8345E-08,  7.5497E-08,  1.3765E-07,  2.3306E-07,
                5.2670E-07,  1.7241E-06,  2.2288E-06,  7.3358E-05,  4.8415E-04,
                2.6270E-04,  1.2123E-03,  3.0644E-04,  2.7738E-02,  2.7197E-01,
                7.5589E-03,  1.6397E-02,  1.9980E-02,  1.2469E-02,  1.4622E-02,
                2.5275E-02,  5.4226E-02,  6.5501E-02,  5.6727E-02,  5.4499E-02,
                4.6806E-02,  4.0056E-02,  4.9961E-02,  3.0257E-01,  3.6528E-01,
                1.7601E-01,  8.6618E-02,  3.4573E-02,  8.5167E-02,  4.4443E-01 

nprob=   01,02,03,04,05,06,07,08,09,10,11,12,13,14,15,16,
         17,17,17,17,18,18,18,19,19,19,20,21,21,21,21,22,
         23,23,23,23,24,24,24,24,25,25,25,26,26,26,26,27,
         27,27,27,28,29,29,29,29,29,29,29,29,29,29,29,29,
         29,29,29,29,29,29,29,29,30,30,30,30,31,32,32,32,
         32,32,32,33,33,33,34,34,34,34,35,35,35,36,36,36,
         37,37,37,38,38,38,38,39,39,39,39,40,40,40,41,41,
         41,42,43,43,43,43,44,45,45,45,45,45,45,45,45,45,
         45,45,45,46,46,46,46,46,46,46,46,46,47,47,47,48,
         48,48,48,49,49,49,49,50,50,50                   

pso2=     0.0  , 0.0  , 0.0  , 0.0  , 0.0  , 0.0  , 0.0  , 0.0  ,
          0.0  , 0.0  , 0.0  , 0.0  , 0.0  , 0.0  , 0.0  , 0.0  ,
          0.75 , 0.75 , 0.75 , 0.75 , 0.0  , 0.0  , 0.0  , 0.0  ,
          0.0  , 0.0  , 0.0  , 0.0  , 0.0  , 0.0  , 0.0  , 0.0  ,
          0.0  , 0.0  , 0.0  , 0.0  , 0.0  , 0.0  , 0.0  , 0.0  ,
          0.0  , 0.0  , 0.0  , 0.0  , 0.0  , 0.0  , 0.0  , 0.0  ,
          0.0  , 0.0  , 0.0  , 0.0  , 0.0  , 0.0  , 0.0  , 0.0  ,
          0.0  , 0.0  , 0.0  , 0.0  , 0.0  , 0.0  , 0.0  , 0.0  ,
          0.0  , 0.0  , 0.0  , 0.0  , 0.0  , 0.0  , 0.0  , 0.0  ,
          0.0  , 0.0  , 0.0  , 0.0  , 0.0  , 0.0  , 0.0  , 0.0  ,
          0.0  , 0.0  , 0.0  ,                                   
          ! Long 
          0.0  , 0.0  , 0.0  , 0.0  , 0.0  , 0.0  , 0.0  , 0.0  ,
          0.0  , 0.0  , 0.0  , 0.0  , 0.0  , 0.0  , 0.0  , 0.0  ,
          0.0  , 0.0  , 0.0  , 0.0  , 0.0  , 0.0  , 0.0  , 0.0  ,
          0.0  , 0.0  , 0.0  , 0.0  , 0.0  , 0.0  , 0.0  , 0.0  ,
          0.0  , 0.0  , 0.0  , 0.0  , 0.0  , 0.0  , 0.0  , 0.0  ,
          0.0  , 0.0  , 0.0  , 0.0  , 0.0  , 0.0  , 0.0  , 0.0  ,
          0.0  , 0.0  , 0.0  , 0.0  , 0.0  , 0.0  , 0.0  , 0.0  ,
          0.0  , 0.0  , 0.0  , 0.0  , 0.0  , 0.0  , 0.0  , 0.0  ,
          0.0  , 0.0  , 0.0  , 0.0  , 0.0  , 0.0  , 0.0          

pso3=     0.0  , 0.0  , 0.0  , 0.0  , 0.0  , 0.0  , 0.0  , 0.0  , 
          0.0  , 0.0  , 0.0  , 0.0  , 0.0  , 0.0  , 0.0  , 0.0  , 
          0.0  , 0.0  , 0.0  , 0.0  , 0.0  , 0.0  , 0.0  , 0.0  , 
          0.0  , 0.0  , 0.0  , 0.0  , 0.0  , 0.0  , 0.0  , 0.0  , 
          0.0  , 0.0  , 0.0  , 0.0  , 0.0  , 0.0  , 0.0  , 0.0  , 
          0.0  , 0.0  , 0.0  , 0.0  , 0.0  , 0.0  , 0.0  , 0.0  , 
          0.0  , 0.0  , 0.0  , 0.0  , 0.0  , 0.0  , 0.0  , 0.0  , 
          0.0  , 0.0  , 0.0  , 0.0  , 0.0  , 0.0  , 0.0  , 0.0  , 
          0.0  , 0.0  , 0.0  , 0.0  , 0.0  , 0.0  , 0.0  , 0.0  , 
          0.0  , 0.0  , 0.0  , 0.0  , 0.0  , 0.0  , 0.0  , 0.0  , 
          0.0  , 0.0  , 0.0  ,                                    
          ! Long 
          0.0  , 0.0  , 0.0  , 0.0  , 0.0  , 0.0  , 0.0  , 0.0  , 
          0.0  , 0.0  , 0.0  , 0.0  , 0.0  , 0.0  , 0.0  , 0.0  , 
          0.0  , 0.0  , 0.0  , 0.0  , 0.0  , 0.0  , 0.0  , 0.0  , 
          0.0  , 0.0  , 0.0  , 0.0  , 0.0  , 0.0  , 0.0  , 0.0  , 
          0.0  , 0.0  , 0.0  , 0.0  , 0.0  , 0.0  , 0.0  , 0.0  , 
          0.0  , 0.0  , 0.0  , 0.0  , 0.0  , 0.0  , 0.0  , 0.0  , 
          0.0  , 0.0  , 0.0  , 0.0  , 0.0  , 0.0  , 0.0  , 0.0  , 
          0.0  , 0.0  , 0.0  , 0.0  , 0.0  , 0.0  , 0.0  , 0.0  , 
          0.0  , 0.0  , 0.0  , 0.0  , 0.0  , 0.0  , 0.0           

psh2o=    0.0  , 0.0  , 0.0  , 0.0  , 0.0  , 0.0  , 0.0  , 0.0  , 
          0.0  , 0.0  , 0.0  , 0.0  , 0.0  , 0.0  , 0.0  , 0.0  , 
          0.0  , 0.0  , 0.0  , 0.0  , 0.54 , 0.54 , 0.54 , 0.54 , 
          0.54 , 0.54 , 0.0  , 0.54 , 0.54 , 0.54 , 0.54 , 0.0  , 
          0.52 , 0.52 , 0.52 , 0.52 , 0.44 , 0.44 , 0.44 , 0.44 , 
          0.0  , 0.0  , 0.0  , 0.62 , 0.62 , 0.62 , 0.62 , 0.0  , 
          0.0  , 0.0  , 0.0  , 0.0  , 0.60 , 0.60 , 0.60 , 0.60 , 
          0.60 , 0.60 , 0.60 , 0.60 , 0.60 , 0.60 , 0.60 , 0.60 , 
          0.60 , 0.60 , 0.60 , 0.60 , 0.60 , 0.60 , 0.60 , 0.60 , 
          0.60 , 0.60 , 0.60 , 0.60 , 0.0  , 0.0  , 0.0  , 0.0  , 
          0.0  , 0.0  , 0.0  ,                                    
          ! Long
          0.0  , 0.0  , 0.0  , 0.0  , 0.0  , 0.0  , 0.0  , 0.0  , 
          0.0  , 0.0  , 0.0  , 0.0  , 0.0  , 0.0  , 0.0  , 0.0  , 
          0.0  , 0.0  , 0.0  , 0.0  , 0.0  , 0.0  , 0.0  , 0.0  , 
          0.0  , 0.0  , 0.0  , 0.0  , 0.0  , 0.0  , 0.0  , 0.0  , 
          0.0  , 0.0  , 0.0  , 0.0  , 0.0  , 0.0  , 0.0  , 0.0  , 
          0.0  , 0.0  , 0.0  , 0.0  , 0.0  , 0.0  , 0.0  , 0.0  , 
          0.0  , 0.0  , 0.0  , 0.0  , 0.0  , 0.0  , 0.0  , 0.0  , 
          0.0  , 0.0  , 0.0  , 0.0  , 0.0  , 0.0  , 0.0  , 0.0  , 
          0.0  , 0.0  , 0.0  , 0.0  , 0.0  , 0.0  , 0.0           

psco2=    0.0  , 0.0  , 0.0  , 0.0  , 0.0  , 0.0  , 0.0  , 0.0  , 
          0.0  , 0.0  , 0.0  , 0.0  , 0.0  , 0.0  , 0.0  , 0.0  , 
          0.0  , 0.0  , 0.0  , 0.0  , 0.0  , 0.0  , 0.0  , 0.0  , 
          0.0  , 0.0  , 0.0  , 0.0  , 0.0  , 0.0  , 0.0  , 0.0  , 
          0.0  , 0.0  , 0.0  , 0.0  , 0.0  , 0.0  , 0.0  , 0.0  , 
          0.0  , 0.0  , 0.0  , 0.0  , 0.0  , 0.0  , 0.0  , 0.82 , 
          0.82 , 0.82 , 0.82 , 0.0  , 0.88 , 0.88 , 0.88 , 0.88 , 
          0.88 , 0.88 , 0.88 , 0.88 , 0.88 , 0.88 , 0.88 , 0.88 , 
          0.88 , 0.88 , 0.88 , 0.88 , 0.88 , 0.88 , 0.88 , 0.88 , 
          0.0  , 0.0  , 0.0  , 0.0  , 0.0  , 0.93 , 0.93 , 0.93 , 
          0.93 , 0.93 , 0.93 ,                                    
          ! Long
          0.0  , 0.0  , 0.0  , 0.0  , 0.0  , 0.0  , 0.0  , 0.0  , 
          0.0  , 0.0  , 0.0  , 0.0  , 0.0  , 0.0  , 0.0  , 0.0  , 
          0.0  , 0.0  , 0.0  , 0.0  , 0.0  , 0.0  , 0.0  , 0.0  , 
          0.0  , 0.0  , 0.0  , 0.0  , 0.0  , 0.0  , 0.0  , 0.0  , 
          0.0  , 0.0  , 0.0  , 0.0  , 0.0  , 0.0  , 0.0  , 0.0  , 
          0.0  , 0.0  , 0.0  , 0.0  , 0.0  , 0.0  , 0.0  , 0.0  , 
          0.0  , 0.0  , 0.0  , 0.0  , 0.0  , 0.0  , 0.0  , 0.0  , 
          0.0  , 0.0  , 0.0  , 0.0  , 0.0  , 0.0  , 0.0  , 0.0  , 
          0.0  , 0.0  , 0.0  , 0.0  , 0.0  , 0.0  , 0.0           

wave=   0.256,  0.280,  0.296,  0.319,  0.335,  0.365,  0.420,  0.440,
        0.470,  0.482,  0.500,  0.550,  0.598,  0.660,  0.670,  0.690,
        0.762,  0.719,  0.813,  0.862,  0.926,  1.005,  1.111,  1.333,
        1.562,  1.770,  2.051,  2.210,  2.584,  3.284,  3.809,  4.292,
        4.546,  4.878,  5.128,  5.405,  5.714,  6.061,  6.452,  6.897,
        7.407,  8.333,  9.009, 10.309, 12.500, 13.889, 16.667, 20.000,
       26.316, 35.714, 62.50                                          

solfx=  4.1712E0, 2.5074E0, 1.2024E1, 1.7296E1, 1.2299E1, 5.6975E1, 
        6.6E1   , 4.5725E1, 4.2147E1, 2.9169E1, 6.4328E1, 9.225E1 , 
        9.7647E1, 5.467E1 , 2.3085E1, 2.9665E1, 5.9268E1, 5.0747E1, 
        5.7410E1, 4.3280E1, 7.4598E1, 5.2732E1, 8.6900E1, 1.2126E2, 
        2.5731E1, 6.0107E1, 1.8400E1, 9.5952E0, 3.5664E1, 1.2764E1, 
        4.0354E0, 4.5364E0                                          

xah2o=  0.0    ,   0.0    ,   0.0    ,   0.0    ,   0.0    ,   0.0    ,
        0.0    ,   0.0    ,   0.0    ,   0.0    ,   0.0    ,   0.0    ,
        0.0    ,   0.0    ,   0.0    ,   0.0    ,   0.0    ,   0.0    ,
        0.0    ,   0.0    ,   0.0    ,   0.1765 ,   9.2460 ,   0.0000 ,
        0.1765 ,   9.2460 ,   0.0000 ,   0.0000 ,   0.2939 ,   0.5311 ,
      113.40   ,   0.0000 ,   0.0000 ,   0.3055 ,   5.2180 , 113.00   ,
        0.00   ,   0.3355 ,   5.5090 , 124.90   ,   0.0    ,   0.0    ,
        0.0    ,   0.0    ,   0.3420 ,   7.1190 ,  95.740  ,   0.0    ,
        0.0    ,   0.0    ,   0.0    ,   0.0    ,   0.0    ,   0.0    ,
        0.0    ,   0.0    ,   0.3012 ,   0.3012 ,   0.3012 ,   0.3012 ,
        5.021  ,   5.021  ,   5.021  ,   5.021  ,  63.17   ,  63.17   ,
       63.17   ,  63.17   , 699.1    , 699.1    , 699.1    , 699.1    ,
        0.0    ,   6.3321 ,   5.336  , 123.4    ,   0.0    ,   0.0    ,
        0.0    ,   0.0    ,   0.0    ,   0.0    ,   0.0                
                          
xaco2=  0.0    ,   0.0    ,   0.0    ,   0.0    ,   0.0    ,   0.0    ,
        0.0    ,   0.0    ,   0.0    ,   0.0    ,   0.0    ,   0.0    ,
        0.0    ,   0.0    ,   0.0    ,   0.0    ,   0.0    ,   0.0    ,
        0.0    ,   0.0    ,   0.0    ,   0.0    ,   0.0    ,   0.0    ,
        0.0    ,   0.0    ,   0.0    ,   0.0    ,   0.0    ,   0.0    ,
        0.0    ,   0.0    ,   0.0    ,   0.0    ,   0.0    ,   0.0    ,
        0.0    ,   0.0    ,   0.0    ,   0.0    ,   0.0    ,   0.0035 ,
        0.1849 ,   0.0    ,   0.0    ,   0.0    ,   0.0    ,   0.0    ,
        0.0032 ,   0.0705 ,   1.2980 ,   0.0    ,   0.0    ,   0.0077 ,
        0.2027 ,   3.8160 ,   0.0000 ,   0.0077 ,   0.2027 ,   3.8160 ,
        0.0000 ,   0.0077 ,   0.2027 ,   3.8160 ,   0.0000 ,   0.0077 ,
        0.2027 ,   3.8160 ,   0.0000 ,   0.0077 ,   0.2027 ,   3.8160 ,
        0.0    ,   0.0    ,   0.0    ,   0.0    ,   0.0    ,   0.0    ,
        0.0053 ,   0.0705 ,   0.6732 ,   6.2880 ,  83.900              

xao2=   0.0    ,   0.0    ,   0.0    ,   0.0    ,   0.0    ,   0.0    ,
        0.0    ,   0.0    ,   0.0    ,   0.0    ,   0.0    ,   0.0    ,
        0.0    ,   0.0    ,   0.0    ,   0.0    ,   0.0    ,   0.0    ,
        0.0001 ,   0.0022 ,   0.0    ,   0.0    ,   0.0    ,   0.0    ,
        0.0    ,   0.0    ,   0.0    ,   0.0    ,   0.0    ,   0.0    ,
        0.0    ,   0.0    ,   0.0    ,   0.0    ,   0.0    ,   0.0    ,
        0.0    ,   0.0    ,   0.0    ,   0.0    ,   0.0    ,   0.0    ,
        0.0    ,   0.0    ,   0.0    ,   0.0    ,   0.0    ,   0.0    ,
        0.0    ,   0.0    ,   0.0    ,   0.0    ,   0.0    ,   0.0    ,
        0.0    ,   0.0    ,   0.0    ,   0.0    ,   0.0    ,   0.0    ,
        0.0    ,   0.0    ,   0.0    ,   0.0    ,   0.0    ,   0.0    ,
        0.0    ,   0.0    ,   0.0    ,   0.0    ,   0.0    ,   0.0    ,
        0.0    ,   0.0    ,   0.0    ,   0.0    ,   0.0    ,   0.0    ,
        0.0    ,   0.0    ,   0.0    ,   0.0    ,   0.0                

xao3= 260.0     , 100.9     , 11.93    , 0.7370 ,   0.0872 ,   0.0     , 
        0.0     ,   0.0     ,  0.0     , 0.0    ,   0.01831,   0.069172, 
        0.1180  ,   0.016389,  0.010926, 0.0    ,   0.0    ,   0.0     , 
        0.0     ,   0.0     ,  0.0     , 0.0    ,   0.0    ,   0.0     , 
        0.0     ,   0.0     ,  0.0     , 0.0    ,   0.0    ,   0.0     , 
        0.0     ,   0.0     ,  0.0     , 0.0    ,   0.0    ,   0.0     , 
        0.0     ,   0.0     ,  0.0     , 0.0    ,   0.0    ,   0.0     , 
        0.0     ,   0.0     ,  0.0     , 0.0    ,   0.0    ,   0.0     , 
        0.0     ,   0.0     ,  0.0     , 0.0    ,   0.0    ,   0.0     , 
        0.0     ,   0.0     ,  0.0     , 0.0    ,   0.0    ,   0.0     , 
        0.0     ,   0.0     ,  0.0     , 0.0    ,   0.0    ,   0.0     , 
        0.0     ,   0.0     ,  0.0     , 0.0    ,   0.0    ,   0.0     , 
        0.0     ,   0.0     ,  0.0     , 0.0    ,   0.0    ,   0.0     , 
        0.0     ,   0.0     ,  0.0     , 0.0    ,   0.0  
	                   


ta=     1.500000   ,  1.500000   ,  1.500000   ,  1.500000   ,  1.500000   ,  1.500000        
        1.500000   ,  1.500000   ,  1.500000   ,  1.500000   ,  1.500000   ,  1.500000        
        1.500000   ,  1.500000   ,  1.500000   ,  1.500000   ,  1.500000   ,  1.500000        
        1.500000   ,  1.500000   ,  1.500000   ,  1.500000   ,  1.500000   ,  1.500000        
        1.500000   ,  1.500000   ,  1.500000   ,  1.500000   ,  1.500000   ,  1.500000        
        1.500000   ,  1.500000   ,  1.500000   ,  1.500000   ,  1.500000   ,  1.500000        
        1.500000   ,  1.500000   ,  1.500000   ,  1.500000   ,  1.500000   ,  1.500000        
        1.500000   ,  1.500000   ,  1.500000   ,  1.500000   ,  1.500000   ,  1.500000        
        1.500000   ,  1.500000   ,  1.500000   ,  1.500000   ,  1.500000   ,  1.500000        
        1.500000   ,  1.500000   ,  1.500000   ,  1.500000   ,  1.500000   ,  1.500000        
        1.500000   ,  1.500000   ,  1.500000   ,  1.500000   ,  1.500000   ,  1.500000        
        1.500000   ,  1.500000   ,  1.500000   ,  1.500000   ,  1.500000   ,  1.500000        
        1.500000   ,  1.500000   ,  1.500000   ,  1.500000   ,  1.500000   ,  1.500000        
        1.500000   ,  1.500000   ,  1.500000   ,  1.500000   ,  1.500000   ,  1.500000        
        1.500000   ,  1.500000   ,  1.500000   ,  1.500000   ,  1.500000   ,  1.500000        
        0.700000   ,  0.700000   ,  0.700000   ,  0.700000   ,  0.700000   ,  0.700000        
        0.700000   ,  0.700000   ,  0.700000   ,  0.700000   ,  0.700000   ,  0.700000        
        0.700000   ,  0.700000   ,  0.700000   ,  0.700000   ,  0.700000   ,  0.700000        
        0.700000   ,  0.700000   ,  0.700000   ,  0.700000   ,  0.700000   ,  0.240000        
        0.240000   ,  0.240000   ,  0.240000   ,  0.240000   ,  0.240000   ,  0.240000        
        0.240000   ,  0.240000   ,  0.240000   ,  0.240000   ,  0.240000   ,  0.240000        
        0.240000   ,  0.240000   ,  0.240000   ,  0.240000   ,  0.240000   ,  0.270000        
        0.270000   ,  0.270000   ,  0.270000   ,  0.270000   ,  0.270000   ,  0.270000        
        0.270000   ,  0.270000   ,  0.270000   ,  0.270000   ,  0.270000   ,  0.270000        
        0.270000   ,  0.270000   ,  0.270000   ,  0.270000   ,  0.270000   ,  0.270000        
        0.270000   ,  0.270000   ,  0.270000   ,  0.270000   
        	   
tb=     0.500000   ,   0.500000   ,   0.500000   ,   0.500000	,   0.500000   ,   0.500000	   
        0.500000   ,   0.500000   ,   0.500000   ,   0.500000	,   0.500000   ,   0.500000	   
        0.500000   ,   0.500000   ,   0.500000   ,   0.500000	,   0.780000   ,   0.780000	   
        0.780000   ,   0.780000   ,   0.780000   ,   0.780000	,   0.780000   ,   0.780000	   
        0.780000   ,   0.780000   ,   0.780000   ,   0.780000	,   0.780000   ,   0.780000	   
        0.780000   ,   0.780000   ,   0.780000   ,   0.780000	,   0.780000   ,   0.780000	   
        1.130000   ,   1.130000   ,   1.130000   ,   1.130000	,   1.130000   ,   1.130000	   
        1.130000   ,   1.130000   ,   1.130000   ,   1.130000	,   1.130000   ,   1.130000	   
        1.130000   ,   1.130000   ,   1.130000   ,   1.130000	,   2.000000   ,   2.000000	   
        2.000000   ,   2.000000   ,   2.000000   ,   2.000000	,   2.000000   ,   2.000000	   
        2.000000   ,   2.000000   ,   2.000000   ,   2.000000	,   2.000000   ,   2.000000	   
        2.000000   ,   2.000000   ,   2.000000   ,   2.000000	,   2.000000   ,   2.000000	   
        2.000000   ,   2.000000   ,   2.000000   ,   2.000000	,   2.000000   ,  -0.120000	   
       -0.120000   ,  -0.120000   ,  -0.120000   ,  -0.120000	,  -0.120000   ,  -0.120000	  
       -0.120000   ,  -0.120000   ,  -0.120000   ,  -0.120000	,  -0.120000   ,  -0.120000	  
       -0.120000   ,  -0.120000   ,  -0.120000   ,  -0.120000	,  -0.120000   ,  -0.120000	  
       -0.120000   ,  -0.120000   ,  -0.120000   ,  -0.120000	,  -0.120000   ,  -0.120000	  
       -0.120000   ,  -0.120000   ,  -0.120000   ,  -0.120000	,  -0.120000   ,  -0.120000	  
       -0.120000   ,  -0.120000   ,  -0.120000   ,  -0.120000	,  -0.120000   ,  -0.008000	  
       -0.008000   ,  -0.008000   ,  -0.008000   ,  -0.008000	,  -0.008000   ,  -0.008000	  
       -0.008000   ,  -0.008000   ,  -0.008000   ,  -0.008000	,  -0.008000   ,  -0.008000	  
       -0.008000   ,  -0.008000   ,  -0.008000   ,  -0.008000	,  -0.008000   ,  -0.011000	  
       -0.011000   ,  -0.011000   ,  -0.011000   ,  -0.011000	,  -0.011000   ,  -0.011000	  
       -0.011000   ,  -0.011000   ,  -0.011000   ,  -0.011000	,  -0.011000   ,  -0.011000	  
       -0.011000   ,  -0.011000   ,  -0.011000   ,  -0.011000	,  -0.011000   ,  -0.011000	  
       -0.011000   ,  -0.011000   ,  -0.011000   ,  -0.011000  


wa=     5.580e-7   ,  5.580e-7   ,  5.580e-7   ,  5.580e-7   ,  5.580e-7   ,  5.580e-7
        5.580e-7   ,  5.580e-7   ,  5.580e-7   ,  5.580e-7   ,  5.580e-7   ,  5.580e-7        
        5.580e-7   ,  5.580e-7   ,  5.580e-7   ,  5.580e-7   ,  2.180e-5   ,  2.180e-5        
        2.180e-5   ,  2.180e-5   ,  2.180e-5   ,  2.180e-5   ,  2.180e-5   ,  2.180e-5        
        2.180e-5   ,  2.180e-5   ,  2.180e-5   ,  2.180e-5   ,  2.180e-5   ,  2.180e-5        
        2.180e-5   ,  2.180e-5   ,  2.180e-5   ,  2.180e-5   ,  2.180e-5   ,  2.180e-5        
        8.550e-4   ,  8.550e-4   ,  8.550e-4   ,  8.550e-4   ,  8.550e-4   ,  8.550e-4        
        8.550e-4   ,  8.550e-4   ,  8.550e-4   ,  8.550e-4   ,  8.550e-4   ,  8.550e-4        
        8.550e-4   ,  8.550e-4   ,  8.550e-4   ,  8.550e-4   ,  1.940e-1   ,  1.940e-1        
        1.940e-1   ,  1.940e-1   ,  1.940e-1   ,  1.940e-1   ,  1.940e-1   ,  1.940e-1        
        1.940e-1   ,  1.940e-1   ,  1.940e-1   ,  1.940e-1   ,  1.940e-1   ,  1.940e-1        
        1.940e-1   ,  1.940e-1   ,  1.940e-1   ,  1.940e-1   ,  1.940e-1   ,  1.940e-1        
        1.940e-1   ,  1.940e-1   ,  1.940e-1   ,  1.940e-1   ,  1.940e-1   ,  0.110000        
        0.110000   ,  0.110000   ,  0.110000   ,  0.110000   ,  0.110000   ,  0.110000        
        0.110000   ,  0.110000   ,  0.110000   ,  0.110000   ,  0.110000   ,  0.110000        
        0.110000   ,  0.110000   ,  0.110000   ,  0.110000   ,  0.110000   ,  0.110000        
        0.110000   ,  0.110000   ,  0.110000   ,  0.110000   ,  0.110000   ,  0.110000        
        0.110000   ,  0.110000   ,  0.110000   ,  0.110000   ,  0.110000   ,  0.110000        
        0.110000   ,  0.110000   ,  0.110000   ,  0.110000   ,  0.110000   ,  0.430000        
        0.430000   ,  0.430000   ,  0.430000   ,  0.430000   ,  0.430000   ,  0.430000        
        0.430000   ,  0.430000   ,  0.430000   ,  0.430000   ,  0.430000   ,  0.430000        
        0.430000   ,  0.430000   ,  0.430000   ,  0.430000   ,  0.430000   ,  0.740000        
        0.740000   ,  0.740000   ,  0.740000   ,  0.740000   ,  0.740000   ,  0.740000        
        0.740000   ,  0.740000   ,  0.740000   ,  0.740000   ,  0.740000   ,  0.740000        
        0.740000   ,  0.740000   ,  0.740000   ,  0.740000   ,  0.740000   ,  0.740000        
        0.740000   ,  0.740000   ,  0.740000   ,  0.740000



wb=     -1.25e-7   ,   -1.25e-7   ,   -1.25e-7   ,   -1.25e-7	,   -1.25e-7   ,   -1.25e-7	   
        -1.25e-7   ,   -1.25e-7   ,   -1.25e-7   ,   -1.25e-7	,   -1.25e-7   ,   -1.25e-7	   
        -1.25e-7   ,   -1.25e-7   ,   -1.25e-7   ,   -1.25e-7	,   -2.25e-5   ,   -2.25e-5	  
        -2.25e-5   ,   -2.25e-5   ,   -2.25e-5   ,   -2.25e-5	,   -2.25e-5   ,   -2.25e-5	  
        -2.25e-5   ,   -2.25e-5   ,   -2.25e-5   ,   -2.25e-5	,   -2.25e-5   ,   -2.25e-5	  
        -2.25e-5   ,   -2.25e-5   ,   -2.25e-5   ,   -2.25e-5	,   -2.25e-5   ,   -2.25e-5	  
        -1.28e-3   ,   -1.28e-3   ,   -1.28e-3   ,   -1.28e-3	,   -1.28e-3   ,   -1.28e-3	  
        -1.28e-3   ,   -1.28e-3   ,   -1.28e-3   ,   -1.28e-3	,   -1.28e-3   ,   -1.28e-3	  
        -1.28e-3   ,   -1.28e-3   ,   -1.28e-3   ,   -1.28e-3	,   -8.04e-3   ,   -8.04e-3	  
        -8.04e-3   ,   -8.04e-3   ,   -8.04e-3   ,   -8.04e-3	,   -8.04e-3   ,   -8.04e-3	  
        -8.04e-3   ,   -8.04e-3   ,   -8.04e-3   ,   -8.04e-3	,   -8.04e-3   ,   -8.04e-3	  
        -8.04e-3   ,   -8.04e-3   ,   -8.04e-3   ,   -8.04e-3	,   -8.04e-3   ,   -8.04e-3	  
        -8.04e-3   ,   -8.04e-3   ,   -8.04e-3   ,   -8.04e-3	,   -8.04e-3   ,  -0.018000	  
       -0.018000   ,  -0.018000   ,  -0.018000   ,  -0.018000	,  -0.018000   ,  -0.018000	  
       -0.018000   ,  -0.018000   ,  -0.018000   ,  -0.018000	,  -0.018000   ,  -0.018000	  
       -0.018000   ,  -0.018000   ,  -0.018000   ,  -0.018000	,  -0.018000   ,  -0.018000	  
       -0.018000   ,  -0.018000   ,  -0.018000   ,  -0.018000	,  -0.018000   ,  -0.018000	  
       -0.018000   ,  -0.018000   ,  -0.018000   ,  -0.018000	,  -0.018000   ,  -0.018000	  
       -0.018000   ,  -0.018000   ,  -0.018000   ,  -0.018000	,  -0.018000   ,   0.003000	  
        0.003000   ,   0.003000   ,   0.003000   ,   0.003000	,   0.003000   ,   0.003000	   
        0.003000   ,   0.003000   ,   0.003000   ,   0.003000	,   0.003000   ,   0.003000	   
        0.003000   ,   0.003000   ,   0.003000   ,   0.003000	,   0.003000   ,   0.014000	   
        0.014000   ,   0.014000   ,   0.014000   ,   0.014000	,   0.014000   ,   0.014000	   
        0.014000   ,   0.014000   ,   0.014000   ,   0.014000	,   0.014000   ,   0.014000	   
        0.014000   ,   0.014000   ,   0.014000   ,   0.014000	,   0.014000   ,   0.014000	   
        0.014000   ,   0.014000   ,   0.014000   ,   0.014000



ga=     0.841000   ,   0.841000   ,   0.841000   ,   0.841000	,   0.841000   ,   0.841000    
        0.841000   ,   0.841000   ,   0.841000   ,   0.841000	,   0.841000   ,   0.841000
        0.841000   ,   0.841000   ,   0.841000   ,   0.841000	,   0.821000   ,   0.821000
        0.821000   ,   0.821000   ,   0.821000   ,   0.821000	,   0.821000   ,   0.821000
        0.821000   ,   0.821000   ,   0.821000   ,   0.821000	,   0.821000   ,   0.821000	
        0.821000   ,   0.821000   ,   0.821000   ,   0.821000	,   0.821000   ,   0.821000	    
        0.786000   ,   0.786000   ,   0.786000   ,   0.786000	,   0.786000   ,   0.786000	
        0.786000   ,   0.786000   ,   0.786000   ,   0.786000	,   0.786000   ,   0.786000	 
        0.786000   ,   0.786000   ,   0.786000   ,   0.786000	,   0.820000   ,   0.820000	 
        0.820000   ,   0.820000   ,   0.820000   ,   0.820000	,   0.820000   ,   0.820000
        0.820000   ,   0.820000   ,   0.820000   ,   0.820000	,   0.820000   ,   0.820000	      
        0.820000   ,   0.820000   ,   0.820000   ,   0.820000	,   0.820000   ,   0.820000	
        0.820000   ,   0.820000   ,   0.820000   ,   0.820000	,   0.820000   ,   0.840000	 
        0.840000   ,   0.840000   ,   0.840000   ,   0.840000	,   0.840000   ,   0.840000
        0.840000   ,   0.840000   ,   0.840000   ,   0.840000	,   0.840000   ,   0.840000
        0.840000   ,   0.840000   ,   0.840000   ,   0.840000	,   0.840000   ,   0.840000	      
        0.840000   ,   0.840000   ,   0.840000   ,   0.840000	,   0.840000   ,   0.840000
        0.840000   ,   0.840000   ,   0.840000   ,   0.840000	,   0.840000   ,   0.840000	 
        0.840000   ,   0.840000   ,   0.840000   ,   0.840000	,   0.840000   ,   0.250000    
        0.250000   ,   0.250000	  ,   0.250000   ,   0.250000   ,   0.250000   ,   0.250000
        0.250000   ,   0.250000	  ,   0.250000   ,   0.250000   ,   0.250000   ,   0.250000	       
        0.250000   ,   0.250000	  ,   0.250000   ,   0.250000   ,   0.250000   ,   0.500000
        0.500000   ,   0.500000	  ,   0.500000   ,   0.500000   ,   0.500000   ,   0.500000
        0.500000   ,   0.500000	  ,   0.500000   ,   0.500000   ,   0.500000   ,   0.500000
        0.500000   ,   0.500000	  ,   0.500000   ,   0.500000   ,   0.500000   ,   0.500000	 
        0.500000   ,   0.500000	  ,   0.500000   ,   0.500000


gb=     0.002080   ,   0.002080   ,   0.002080   ,   0.002080	,   0.002080   ,   0.002080	   
        0.002080   ,   0.002080   ,   0.002080   ,   0.002080	,   0.002080   ,   0.002080	   
        0.002080   ,   0.002080   ,   0.002080   ,   0.002080	,   0.003060   ,   0.003060	   
        0.003060   ,   0.003060   ,   0.003060   ,   0.003060	,   0.003060   ,   0.003060	   
        0.003060   ,   0.003060   ,   0.003060   ,   0.003060	,   0.003060   ,   0.003060	   
        0.003060   ,   0.003060   ,   0.003060   ,   0.003060	,   0.003060   ,   0.003060	   
        0.005320   ,   0.005320   ,   0.005320   ,   0.005320	,   0.005320   ,   0.005320	   
        0.005320   ,   0.005320   ,   0.005320   ,   0.005320	,   0.005320   ,   0.005320	   
        0.005320   ,   0.005320   ,   0.005320   ,   0.005320	,   0.005590   ,   0.005590	   
        0.005590   ,   0.005590   ,   0.005590   ,   0.005590	,   0.005590   ,   0.005590	   
        0.005590   ,   0.005590   ,   0.005590   ,   0.005590	,   0.005590   ,   0.005590	   
        0.005590   ,   0.005590   ,   0.005590   ,   0.005590	,   0.005590   ,   0.005590	   
        0.005590   ,   0.005590   ,   0.005590   ,   0.005590	,   0.005590   ,   0.003000	   
        0.003000   ,   0.003000   ,   0.003000   ,   0.003000	,   0.003000   ,   0.003000	   
        0.003000   ,   0.003000   ,   0.003000   ,   0.003000	,   0.003000   ,   0.003000	   
        0.003000   ,   0.003000   ,   0.003000   ,   0.003000	,   0.003000   ,   0.003000	   
        0.003000   ,   0.003000   ,   0.003000   ,   0.003000	,   0.003000   ,   0.003000	   
        0.003000   ,   0.003000   ,   0.003000   ,   0.003000	,   0.003000   ,   0.003000	   
        0.003000   ,   0.003000   ,   0.003000   ,   0.003000	,   0.003000   ,  -0.080000	   
       -0.080000   ,  -0.080000   ,  -0.080000   ,  -0.080000	,  -0.080000   ,  -0.080000
       -0.080000   ,  -0.080000   ,  -0.080000   ,  -0.080000	,  -0.080000   ,  -0.080000
       -0.080000   ,  -0.080000   ,  -0.080000   ,  -0.080000	,  -0.080000   ,  -0.070000
       -0.070000   ,  -0.070000   ,  -0.070000   ,  -0.070000	,  -0.070000   ,  -0.070000
       -0.070000   ,  -0.070000   ,  -0.070000   ,  -0.070000	,  -0.070000   ,  -0.070000
       -0.070000   ,  -0.070000   ,  -0.070000   ,  -0.070000	,  -0.070000   ,  -0.070000
       -0.070000   ,  -0.070000   ,  -0.070000   ,  -0.070000


tia=    30.6  ,  30.6	,  30.6   ,  30.6   ,  30.6   ,  30.6	
        30.6  ,  30.6	,  30.6   ,  30.6   ,  30.6   ,  30.6	
        30.6  ,  30.6	,  30.6   ,  30.6   ,  30.6   ,  30.6	
        30.6  ,  30.6	,  30.6   ,  30.6   ,  30.6   ,  30.6	
        30.6  ,  30.6	,  30.6   ,  30.6   ,  30.6   ,  30.6	
        30.6  ,  30.6	,  30.6   ,  30.6   ,  30.6   ,  30.6	
        30.6  ,  30.6	,  30.6   ,  30.6   ,  30.6   ,  30.6	
        30.6  ,  30.6	,  30.6   ,  30.6   ,  30.6   ,  30.6	
        30.6  ,  30.6	,  30.6   ,  30.6   ,  30.6   ,  30.6	
        30.6  ,  30.6	,  30.6   ,  30.6   ,  30.6   ,  30.6	
        30.6  ,  30.6	,  30.6   ,  30.6   ,  30.6   ,  30.6	
        30.6  ,  30.6	,  30.6   ,  30.6   ,  30.6   ,  30.6	
        30.6  ,  30.6	,  30.6   ,  30.6   ,  30.6   ,  63.1	
        63.1  ,  63.1	,  63.1   ,  63.1   ,  63.1   ,  63.1	
        63.1  ,  63.1	,  63.1   ,  63.1   ,  63.1   ,  63.1	
        63.1  ,  63.1	,  63.1   ,  63.1   ,  63.1   ,  63.1	
        63.1  ,  63.1	,  63.1   ,  63.1   ,  63.1   ,  63.1	
        63.1  ,  63.1	,  63.1   ,  63.1   ,  63.1   ,  63.1	
        63.1  ,  63.1	,  63.1   ,  63.1   ,  63.1   ,  63.1	
        63.1  ,  63.1	,  63.1   ,  63.1   ,  63.1   ,  63.1	
        63.1  ,  63.1	,  63.1   ,  63.1   ,  63.1   ,  63.1	
        63.1  ,  63.1	,  63.1   ,  63.1   ,  63.1   ,  63.1	
        63.1  ,  63.1	,  63.1   ,  63.1   ,  63.1   ,  63.1	
        63.1  ,  63.1	,  63.1   ,  63.1   ,  63.1   ,  63.1	
        63.1  ,  63.1	,  63.1   ,  63.1   ,  63.1   ,  63.1	
        63.1  ,  63.1	,  63.1   ,  63.1	    		 


tib=    254.8	,  254.8   ,  254.8   ,  254.8   ,  254.8   ,  254.8
        254.8	,  254.8   ,  254.8   ,  254.8   ,  254.8   ,  254.8
        254.8	,  254.8   ,  254.8   ,  254.8   ,  254.8   ,  254.8
        254.8	,  254.8   ,  254.8   ,  254.8   ,  254.8   ,  254.8  
        254.8	,  254.8   ,  254.8   ,  254.8   ,  254.8   ,  254.8  
        254.8	,  254.8   ,  254.8   ,  254.8   ,  254.8   ,  254.8  
        254.8	,  254.8   ,  254.8   ,  254.8   ,  254.8   ,  254.8  
        254.8	,  254.8   ,  254.8   ,  254.8   ,  254.8   ,  254.8  
        254.8	,  254.8   ,  254.8   ,  254.8   ,  254.8   ,  254.8  
        254.8	,  254.8   ,  254.8   ,  254.8   ,  254.8   ,  254.8  
        254.8	,  254.8   ,  254.8   ,  254.8   ,  254.8   ,  254.8  
        254.8	,  254.8   ,  254.8   ,  254.8   ,  254.8   ,  254.8  
        254.8	,  254.8   ,  254.8   ,  254.8   ,  254.8   ,  265.0  
        265.0	,  265.0   ,  265.0   ,  265.0   ,  265.0   ,  265.0  
        265.0	,  265.0   ,  265.0   ,  265.0   ,  265.0   ,  265.0  
        265.0	,  265.0   ,  265.0   ,  265.0   ,  265.0   ,  265.0  
        265.0	,  265.0   ,  265.0   ,  265.0   ,  265.0   ,  265.0  
        265.0	,  265.0   ,  265.0   ,  265.0   ,  265.0   ,  265.0  
        265.0	,  265.0   ,  265.0   ,  265.0   ,  265.0   ,  265.0  
        265.0	,  265.0   ,  265.0   ,  265.0   ,  265.0   ,  265.0  
        265.0	,  265.0   ,  265.0   ,  265.0   ,  265.0   ,  265.0  
        265.0	,  265.0   ,  265.0   ,  265.0   ,  265.0   ,  265.0  
        265.0	,  265.0   ,  265.0   ,  265.0   ,  265.0   ,  265.0  
        265.0	,  265.0   ,  265.0   ,  265.0   ,  265.0   ,  265.0  
        265.0	,  265.0   ,  265.0   ,  265.0   ,  265.0   ,  265.0  
        265.0	,  265.0   ,  265.0   ,  265.0	     



wia=    0.000000   ,   0.000000   ,   0.000000   ,   0.000000	,   0.000000   ,   0.000000    
        0.000000   ,   0.000000   ,   0.000000   ,   0.000000	,   0.000000   ,   0.000000    
        0.000000   ,   0.000000   ,   0.000000   ,   0.000000	,   0.000000   ,   0.000000    
        0.000000   ,   0.000000   ,   0.000000   ,   0.000000	,   0.000000   ,   0.000000 
        0.000000   ,   0.000000   ,   0.000000   ,   0.000000	,   0.000000   ,   0.000000
        0.000000   ,   0.001676   ,   0.004115   ,   0.004115	,   0.004115   ,   0.004115
        0.154500   ,   0.154500   ,   0.154500   ,   0.154500	,   0.278800   ,   0.278800
        0.278800   ,   0.248300   ,   0.248300   ,   0.248300	,   0.248300   ,   0.248300
        0.248300   ,   0.248300   ,   0.248300   ,   0.196500	,   0.497000   ,   0.497000
        0.497000   ,   0.497000   ,   0.497000   ,   0.497000	,   0.497000   ,   0.497000
        0.497000   ,   0.497000   ,   0.497000   ,   0.497000	,   0.497000   ,   0.497000
        0.497000   ,   0.497000   ,   0.497000   ,   0.497000	,   0.497000   ,   0.497000
        0.462400   ,   0.462400   ,   0.462400   ,   0.462400	,   0.495400   ,   0.000000
        0.000000   ,   0.000000   ,   0.000000   ,   0.000000   ,   0.000000   ,   0.000000
        0.000000   ,   0.000000   ,   0.000000   ,   0.000000	,   0.000000   ,   0.000000
        0.000000   ,   0.000000   ,   0.000000   ,   0.000000	,   0.000000   ,   0.000000
        0.000000   ,   0.000000   ,   0.000000   ,   0.000000	,   0.000000   ,   0.000000
        0.000000   ,   0.000000   ,   0.000000   ,   0.000000	,   0.000000   ,   0.000000
        0.000000   ,   0.000000   ,   0.000000   ,   0.000000	,   0.000000   ,   0.000000
        0.000000   ,   0.000000   ,   0.000000   ,   0.000000	,   0.000000   ,   0.000000
        0.000000   ,   0.000000   ,   0.000000   ,   0.000000	,   0.000000   ,   0.000000
        0.000000   ,   0.000000   ,   0.000000   ,   0.000000	,   0.000000   ,   0.000000
        0.000000   ,   0.000000   ,   0.000000   ,   0.000000	,   0.000000   ,   0.000000 
        0.000000   ,   0.000000   ,   0.000000   ,   0.000000	,   0.000000   ,   0.000000
        0.000000   ,   0.000000   ,   0.000000   ,   0.000000	,   0.000000   ,   0.000000
        0.000000   ,   0.000000   ,   0.000000   ,   0.000000



wib=    0.000000   ,  0.000000   ,  0.000000   ,  0.000000   ,  0.000000   ,  0.000000    
        0.000000   ,  0.000000   ,  0.000000   ,  0.000000   ,  0.000000   ,  0.000000
        0.000000   ,  0.000000   ,  0.000000   ,  0.000000   ,  0.000000   ,  0.000000
        0.000000   ,  0.000000   ,  0.000000   ,  0.000000   ,  0.000000   ,  0.000000
        0.000000   ,  0.000000   ,  0.000000   ,  0.000000   ,  0.000000   ,  0.000000
        0.000000   ,  0.093820   ,  0.226700   ,  0.226700   ,  0.226700   ,  0.226700
        0.221100   ,  0.221100   ,  0.221100   ,  0.221100   ,  0.194500   ,  0.194500
        0.194500   ,  0.200900   ,  0.200900   ,  0.200900   ,  0.200900   ,  0.200900
        0.200900   ,  0.200900   ,  0.200900   ,  0.213000   ,  0.013410   ,  0.013410
        0.013410   ,  0.013410   ,  0.013410   ,  0.013410   ,  0.013410   ,  0.013410
        0.013410   ,  0.013410   ,  0.013410   ,  0.013410   ,  0.013410   ,  0.013410
        0.013410   ,  0.013410   ,  0.013410   ,  0.013410   ,  0.013410   ,  0.013410
        0.000740   ,  0.000740   ,  0.000740   ,  0.000740   ,  0.032410   ,  0.000000
        0.000000   ,  0.000000   ,  0.000000   ,  0.000000   ,  0.000000   ,  0.000000
        0.000000   ,  0.000000   ,  0.000000   ,  0.000000   ,  0.000000   ,  0.000000
        0.000000   ,  0.000000   ,  0.000000   ,  0.000000   ,  0.000000   ,  0.000000
        0.000000   ,  0.000000   ,  0.000000   ,  0.000000   ,  0.000000   ,  0.000000
        0.000000   ,  0.000000   ,  0.000000   ,  0.000000   ,  0.000000   ,  0.000000
        0.000000   ,  0.000000   ,  0.000000   ,  0.000000   ,  0.000000   ,  0.000000
        0.000000   ,  0.000000   ,  0.000000   ,  0.000000   ,  0.000000   ,  0.000000
        0.000000   ,  0.000000   ,  0.000000   ,  0.000000   ,  0.000000   ,  0.000000
        0.000000   ,  0.000000   ,  0.000000   ,  0.000000   ,  0.000000   ,  0.000000
        0.000000   ,  0.000000   ,  0.000000   ,  0.000000   ,  0.000000   ,  0.000000
        0.000000   ,  0.000000   ,  0.000000   ,  0.000000   ,  0.000000   ,  0.000000
        0.000000   ,  0.000000   ,  0.000000   ,  0.000000   ,  0.000000   ,  0.000000
        0.000000   ,  0.000000   ,  0.000000   ,  0.000000






gia=    0.837100   ,  0.837100   ,  0.837100   ,  0.837100   ,  0.837100   ,  0.845300
        0.852100   ,  0.852100   ,  0.852600   ,  0.853900   ,  0.853900   ,  0.854100
        0.854900   ,  0.854600   ,  0.854600   ,  0.854600   ,  0.855800   ,  0.855800
        0.855800   ,  0.855800   ,  0.855400   ,  0.855400   ,  0.855400   ,  0.857100
        0.857100   ,  0.857100   ,  0.857100   ,  0.858800   ,  0.858800   ,  0.858800
        0.858800   ,  0.861100   ,  0.863100   ,  0.863100   ,  0.863100   ,  0.863100
        0.901800   ,  0.901800   ,  0.901800   ,  0.901800   ,  0.930500   ,  0.930500
        0.930500   ,  0.924900   ,  0.924900   ,  0.924900   ,  0.924900   ,  0.924900
        0.924900   ,  0.924900   ,  0.924900   ,  0.923200   ,  0.993800   ,  0.993800
        0.993800   ,  0.993800   ,  0.993800   ,  0.993800   ,  0.993800   ,  0.993800
        0.993800   ,  0.993800   ,  0.993800   ,  0.993800   ,  0.993800   ,  0.993800
        0.993800   ,  0.993800   ,  0.993800   ,  0.993800   ,  0.993800   ,  0.993800
        0.959400   ,  0.959400   ,  0.959400   ,  0.959400   ,  0.980400   ,  0.000000
        0.000000   ,  0.000000   ,  0.000000   ,  0.000000   ,  0.000000   ,  0.000000
        0.000000   ,  0.000000   ,  0.000000   ,  0.000000   ,  0.000000   ,  0.000000        
        0.000000   ,  0.000000   ,  0.000000   ,  0.000000   ,  0.000000   ,  0.000000
        0.000000   ,  0.000000   ,  0.000000   ,  0.000000   ,  0.000000   ,  0.000000
        0.000000   ,  0.000000   ,  0.000000   ,  0.000000   ,  0.000000   ,  0.000000
        0.000000   ,  0.000000   ,  0.000000   ,  0.000000   ,  0.000000   ,  0.000000
        0.000000   ,  0.000000   ,  0.000000   ,  0.000000   ,  0.000000   ,  0.000000
        0.000000   ,  0.000000   ,  0.000000   ,  0.000000   ,  0.000000   ,  0.000000
        0.000000   ,  0.000000   ,  0.000000   ,  0.000000   ,  0.000000   ,  0.000000    
        0.000000   ,  0.000000   ,  0.000000   ,  0.000000   ,  0.000000   ,  0.000000   
        0.000000   ,  0.000000   ,  0.000000   ,  0.000000   ,  0.000000   ,  0.000000   
        0.000000   ,  0.000000   ,  0.000000   ,  0.000000   ,  0.000000   ,  0.000000    
        0.000000   ,  0.000000   ,  0.000000   ,  0.000000



gib=    0.016830   ,  0.016830   ,  0.016830   ,  0.016730   ,  0.016730   ,  0.016510
        0.016290   ,  0.016290   ,  0.016040   ,  0.016160   ,  0.016160   ,  0.016090    
        0.016140   ,  0.016000   ,  0.016000   ,  0.016000   ,  0.015940   ,  0.015940    
        0.015940   ,  0.015940   ,  0.015940   ,  0.015940   ,  0.015940   ,  0.015920
        0.015920   ,  0.015920   ,  0.015920   ,  0.016010   ,  0.016010   ,  0.016010
        0.016010   ,  0.016110   ,  0.016070   ,  0.016070   ,  0.016070   ,  0.016070
        0.019120   ,  0.019120   ,  0.019120   ,  0.019120   ,  0.020560   ,  0.020560
        0.020560   ,  0.019760   ,  0.019760   ,  0.019760   ,  0.019760   ,  0.019760
        0.019760   ,  0.019760   ,  0.019760   ,  0.016970   ,  0.002930   ,  0.002930
        0.002930   ,  0.002930   ,  0.002930   ,  0.002930   ,  0.002930   ,  0.002930
        0.002930   ,  0.002930   ,  0.002930   ,  0.002930   ,  0.002930   ,  0.002930
        0.002930   ,  0.002930   ,  0.002930   ,  0.002930   ,  0.002930   ,  0.002930
        0.002750   ,  0.002750   ,  0.002750   ,  0.002750   ,  0.010300   ,  0.000000
        0.000000   ,  0.000000   ,  0.000000   ,  0.000000   ,  0.000000   ,  0.000000
        0.000000   ,  0.000000   ,  0.000000   ,  0.000000   ,  0.000000   ,  0.000000
        0.000000   ,  0.000000   ,  0.000000   ,  0.000000   ,  0.000000   ,  0.000000
        0.000000   ,  0.000000   ,  0.000000   ,  0.000000   ,  0.000000   ,  0.000000
        0.000000   ,  0.000000   ,  0.000000   ,  0.000000   ,  0.000000   ,  0.000000
        0.000000   ,  0.000000   ,  0.000000   ,  0.000000   ,  0.000000   ,  0.000000    
        0.000000   ,  0.000000   ,  0.000000   ,  0.000000   ,  0.000000   ,  0.000000
        0.000000   ,  0.000000   ,  0.000000   ,  0.000000   ,  0.000000   ,  0.000000
        0.000000   ,  0.000000   ,  0.000000   ,  0.000000   ,  0.000000   ,  0.000000
        0.000000   ,  0.000000   ,  0.000000   ,  0.000000   ,  0.000000   ,  0.000000 
        0.000000   ,  0.000000   ,  0.000000   ,  0.000000   ,  0.000000   ,  0.000000
        0.000000   ,  0.000000   ,  0.000000   ,  0.000000   ,  0.000000   ,  0.000000
        0.000000   ,  0.000000   ,  0.000000   ,  0.000000

alpha=  0.000000   ,  0.000000   ,  0.000000   ,  0.000000   ,  0.000000   ,  0.000000    
        0.000000   ,  0.000000   ,  0.000000   ,  0.000000   ,  0.000000   ,  0.000000    
        0.000000   ,  0.000000   ,  0.000000   ,  0.000000   ,  0.000000   ,  0.000000    
        0.000000   ,  0.000000   ,  0.000000   ,  0.000000   ,  0.000000   ,  0.081e-3    
        0.081e-3   ,  0.081e-3   ,  0.081e-3   ,  0.000268   ,  0.000268   ,  0.000268
        0.000268   ,  0.000652   ,  0.000715   ,  0.000715   ,  0.000715   ,  0.000715       
        0.033500   ,  0.033500   ,  0.033500   ,  0.033500   ,  0.071900   ,  0.071900
        0.071900   ,  0.061200   ,  0.061200   ,  0.061200   ,  0.061200   ,  0.061200
        0.061200   ,  0.061200   ,  0.061200   ,  0.044900   ,  0.207000   ,  0.207000
        0.207000   ,  0.207000   ,  0.207000   ,  0.207000   ,  0.207000   ,  0.207000
        0.207000   ,  0.207000   ,  0.207000   ,  0.207000   ,  0.207000   ,  0.207000
        0.207000   ,  0.207000   ,  0.207000   ,  0.207000   ,  0.207000   ,  0.207000
        0.001840   ,  0.001840   ,  0.001840   ,  0.001840   ,  0.273000   ,  0.000000
        0.000000   ,  0.000000   ,  0.000000   ,  0.000000   ,  0.000000   ,  0.000000
        0.000000   ,  0.000000   ,  0.000000   ,  0.000000   ,  0.000000   ,  0.000000
        0.000000   ,  0.000000   ,  0.000000   ,  0.000000   ,  0.000000   ,  0.000000
        0.000000   ,  0.000000   ,  0.000000   ,  0.000000   ,  0.000000   ,  0.000000
        0.000000   ,  0.000000   ,  0.000000   ,  0.000000   ,  0.000000   ,  0.000000
        0.000000   ,  0.000000   ,  0.000000   ,  0.000000   ,  0.000000   ,  0.000000
        0.000000   ,  0.000000   ,  0.000000   ,  0.000000   ,  0.000000   ,  0.000000
        0.000000   ,  0.000000   ,  0.000000   ,  0.000000   ,  0.000000   ,  0.000000
        0.000000   ,  0.000000   ,  0.000000   ,  0.000000   ,  0.000000   ,  0.000000 
        0.000000   ,  0.000000   ,  0.000000   ,  0.000000   ,  0.000000   ,  0.000000
        0.000000   ,  0.000000   ,  0.000000   ,  0.000000   ,  0.000000   ,  0.000000
        0.000000   ,  0.000000   ,  0.000000   ,  0.000000   ,  0.000000   ,  0.000000
        0.000000   ,  0.000000   ,  0.000000   ,  0.000000


gama=   0.032710   ,  0.032710   ,  0.032710   ,  0.032530   ,  0.032530   ,  0.032300
        0.032920   ,  0.032920   ,  0.032470   ,  0.032600   ,  0.032600   ,  0.032550
        0.032770   ,  0.033190   ,  0.033190   ,  0.033190   ,  0.033160   ,  0.033160    
        0.033160   ,  0.033160   ,  0.033160   ,  0.033160   ,  0.033160   ,  0.033720       
        0.033720   ,  0.033720   ,  0.033720   ,  0.034410   ,  0.034410   ,  0.034410        
        0.034410   ,  0.035370   ,  0.036530   ,  0.036530   ,  0.036530   ,  0.036530       
        0.049990   ,  0.049990   ,  0.049990   ,  0.049990   ,  0.063600   ,  0.063600     
        0.063600   ,  0.060450   ,  0.060450   ,  0.060450   ,  0.060450   ,  0.060450       
        0.060450   ,  0.060450   ,  0.060450   ,  0.050150   ,  0.044600   ,  0.044600
        0.044600   ,  0.044600   ,  0.044600   ,  0.044600   ,  0.044600   ,  0.044600
        0.044600   ,  0.044600   ,  0.044600   ,  0.044600   ,  0.044600   ,  0.044600
        0.044600   ,  0.044600   ,  0.044600   ,  0.044600   ,  0.044600   ,  0.044600
        0.029370   ,  0.029370   ,  0.029370   ,  0.029370   ,  0.146200   ,  0.000000
        0.000000   ,  0.000000   ,  0.000000   ,  0.000000   ,  0.000000   ,  0.000000
        0.000000   ,  0.000000   ,  0.000000   ,  0.000000   ,  0.000000   ,  0.000000
        0.000000   ,  0.000000   ,  0.000000   ,  0.000000   ,  0.000000   ,  0.000000
        0.000000   ,  0.000000   ,  0.000000   ,  0.000000   ,  0.000000   ,  0.000000      
        0.000000   ,  0.000000   ,  0.000000   ,  0.000000   ,  0.000000   ,  0.000000
        0.000000   ,  0.000000   ,  0.000000   ,  0.000000   ,  0.000000   ,  0.000000    
        0.000000   ,  0.000000   ,  0.000000   ,  0.000000   ,  0.000000   ,  0.000000    
        0.000000   ,  0.000000   ,  0.000000   ,  0.000000   ,  0.000000   ,  0.000000    
        0.000000   ,  0.000000   ,  0.000000   ,  0.000000   ,  0.000000   ,  0.000000 
        0.000000   ,  0.000000   ,  0.000000   ,  0.000000   ,  0.000000   ,  0.000000   
        0.000000   ,  0.000000   ,  0.000000   ,  0.000000   ,  0.000000   ,  0.000000  
        0.000000   ,  0.000000   ,  0.000000   ,  0.000000   ,  0.000000   ,  0.000000    
        0.000000   ,  0.000000   ,  0.000000   ,  0.000000




caseE(1,:,1)= 3.038000, 2.831000, 2.670000, 2.558000, 2.454000, 2.181000, 1.814000, 1.707000, 1.526000, 1.452000, 1.352000, 1.154000, 0.995900, 0.806400, 0.781000, 0.735600, 0.677400, 0.603000, 0.526100, 0.459700, 0.394800, 0.331600, 0.268400, 0.192200, 0.147600, 0.124900, 0.104700, 0.097030, 0.083710, 0.070700, 0.064510, 0.059390, 0.056950, 0.054890, 0.053190, 0.051430, 0.048170, 0.046480, 0.044370, 0.042090, 0.038620, 0.034510, 0.031680, 0.026000, 0.019630, 0.016380, 0.011700, 0.008130, 0.004396, 0.002161
caseE(1,:,2)= 2.819000, 2.572000, 2.423000, 2.284000, 2.169000, 1.908000, 1.569000, 1.466000, 1.316000, 1.257000, 1.177000, 1.013000, 0.880800, 0.727000, 0.706400, 0.669800, 0.622200, 0.560900, 0.496800, 0.439400, 0.384400, 0.332800, 0.278100, 0.213700, 0.175100, 0.156300, 0.138900, 0.131900, 0.119800, 0.108700, 0.102700, 0.097730, 0.094710, 0.092840, 0.090760, 0.088790, 0.083870, 0.081340, 0.078470, 0.074860, 0.068960, 0.061830, 0.056830, 0.046290, 0.034600, 0.028480, 0.019980, 0.013480, 0.006996, 0.003290
caseE(1,:,3)= 2.917000, 2.693000, 2.547000, 2.425000, 2.314000, 2.047000, 1.704000, 1.597000, 1.427000, 1.359000, 1.269000, 1.088000, 0.939400, 0.765100, 0.742300, 0.701800, 0.648100, 0.578600, 0.506800, 0.445100, 0.385900, 0.326500, 0.267200, 0.198500, 0.158100, 0.136300, 0.117400, 0.109900, 0.095610, 0.080540, 0.073750, 0.066730, 0.064230, 0.061170, 0.059010, 0.056490, 0.052650, 0.050590, 0.047780, 0.044860, 0.040730, 0.035950, 0.032650, 0.026580, 0.019680, 0.016390, 0.011600, 0.008053, 0.004381, 0.002180
caseE(1,:,4)= 2.886000, 2.636000, 2.483000, 2.351000, 2.235000, 1.963000, 1.617000, 1.512000, 1.352000, 1.289000, 1.203000, 1.032000, 0.893800, 0.731900, 0.710600, 0.673200, 0.624400, 0.561500, 0.496100, 0.437100, 0.381300, 0.327000, 0.270500, 0.204600, 0.164700, 0.144800, 0.126300, 0.118900, 0.105700, 0.092860, 0.086320, 0.080630, 0.077720, 0.075440, 0.073380, 0.071250, 0.066810, 0.064630, 0.061890, 0.058740, 0.053790, 0.048010, 0.043940, 0.035710, 0.026580, 0.021930, 0.015370, 0.010420, 0.005405, 0.002518
caseE(1,:,5)= 2.784000, 2.560000, 2.422000, 2.302000, 2.198000, 1.953000, 1.638000, 1.542000, 1.398000, 1.339000, 1.260000, 1.109000, 0.983000, 0.828200, 0.807800, 0.773100, 0.729000, 0.673000, 0.611300, 0.550700, 0.495100, 0.444600, 0.388700, 0.327200, 0.287000, 0.270400, 0.251100, 0.242700, 0.227600, 0.213900, 0.203800, 0.196300, 0.190400, 0.188200, 0.184700, 0.181900, 0.172100, 0.167900, 0.162900, 0.156400, 0.144900, 0.131200, 0.121300, 0.099180, 0.074680, 0.061440, 0.042920, 0.028630, 0.014240, 0.006153
caseE(1,:,6)= 2.402000, 2.149000, 2.029000, 1.879000, 1.768000, 1.553000, 1.285000, 1.202000, 1.091000, 1.049000, 0.996800, 0.880500, 0.785800, 0.682500, 0.671900, 0.651700, 0.620300, 0.580500, 0.539500, 0.496100, 0.465400, 0.431500, 0.387000, 0.340000, 0.303400, 0.284900, 0.261800, 0.251900, 0.229900, 0.205900, 0.192200, 0.179800, 0.173400, 0.168400, 0.163900, 0.159300, 0.149600, 0.144900, 0.138900, 0.132200, 0.121300, 0.108500, 0.099460, 0.080930, 0.060170, 0.049520, 0.034460, 0.023080, 0.011650, 0.005208
caseE(1,:,7)= 2.283000, 2.035000, 1.921000, 1.769000, 1.655000, 1.452000, 1.202000, 1.120000, 1.023000, 0.986600, 0.944100, 0.841200, 0.754100, 0.663700, 0.656200, 0.638700, 0.611400, 0.576400, 0.539500, 0.496600, 0.472200, 0.446500, 0.406000, 0.379700, 0.355700, 0.345800, 0.332200, 0.324900, 0.306500, 0.287100, 0.276900, 0.263900, 0.258500, 0.252800, 0.248300, 0.243800, 0.229700, 0.225900, 0.217300, 0.208400, 0.191800, 0.173900, 0.159800, 0.130600, 0.096940, 0.079860, 0.055010, 0.036420, 0.017740, 0.007409
caseE(1,:,8)= 2.950000, 2.760000, 2.593000, 2.460000, 2.366000, 2.128000, 1.752000, 1.652000, 1.486000, 1.417000, 1.319000, 1.113000, 0.958500, 0.779600, 0.755000, 0.710400, 0.653500, 0.581600, 0.507900, 0.445400, 0.380300, 0.316900, 0.258100, 0.186500, 0.145700, 0.124700, 0.106700, 0.099770, 0.088220, 0.077120, 0.071490, 0.066740, 0.064140, 0.062150, 0.060320, 0.058380, 0.055010, 0.052770, 0.050540, 0.047860, 0.043990, 0.039060, 0.035840, 0.029410, 0.022250, 0.018550, 0.013400, 0.009432, 0.005330, 0.002825
caseE(1,:,9)= 2.422000, 2.184000, 2.073000, 1.921000, 1.810000, 1.597000, 1.324000, 1.236000, 1.115000, 1.070000, 1.014000, 0.883000, 0.773900, 0.659100, 0.644900, 0.617900, 0.581100, 0.533200, 0.481300, 0.436700, 0.392800, 0.345900, 0.294900, 0.235600, 0.198100, 0.176300, 0.156700, 0.148500, 0.133100, 0.115200, 0.108300, 0.099800, 0.097880, 0.093570, 0.091020, 0.087570, 0.082540, 0.079960, 0.075780, 0.071350, 0.065050, 0.057730, 0.052260, 0.042590, 0.031060, 0.025730, 0.017880, 0.012160, 0.006459, 0.003171
caseE(1,:,10)= 2.745000, 2.492000, 2.364000, 2.229000, 2.115000, 1.865000, 1.560000, 1.464000, 1.317000, 1.260000, 1.186000, 1.037000, 0.913400, 0.774100, 0.759800, 0.732000, 0.688900, 0.635000, 0.578400, 0.527900, 0.489400, 0.444500, 0.389300, 0.331900, 0.289000, 0.262500, 0.235600, 0.224200, 0.198200, 0.169200, 0.156400, 0.141700, 0.137400, 0.130700, 0.126300, 0.120800, 0.112600, 0.108600, 0.102400, 0.095870, 0.086570, 0.076120, 0.068580, 0.055000, 0.039500, 0.032320, 0.021980, 0.014570, 0.007292, 0.003260
caseE(1,:,11)= 2.950000, 2.722000, 2.569000, 2.447000, 2.336000, 2.065000, 1.713000, 1.606000, 1.435000, 1.367000, 1.275000, 1.092000, 0.943600, 0.768300, 0.745000, 0.704000, 0.650400, 0.581500, 0.510100, 0.447600, 0.387500, 0.328500, 0.268600, 0.198300, 0.156600, 0.135000, 0.115900, 0.108300, 0.094730, 0.081060, 0.074620, 0.068650, 0.066070, 0.063570, 0.061600, 0.059460, 0.055610, 0.053670, 0.051090, 0.048310, 0.044140, 0.039270, 0.035880, 0.029260, 0.021830, 0.018130, 0.012810, 0.008820, 0.004708, 0.002280
caseE(1,:,12)= 2.950000, 2.722000, 2.569000, 2.447000, 2.336000, 2.065000, 1.713000, 1.606000, 1.435000, 1.367000, 1.275000, 1.092000, 0.943600, 0.768300, 0.745000, 0.704000, 0.650400, 0.581500, 0.510100, 0.447600, 0.387500, 0.328500, 0.268600, 0.198300, 0.156600, 0.135000, 0.115900, 0.108300, 0.094730, 0.081060, 0.074620, 0.068650, 0.066070, 0.063570, 0.061600, 0.059460, 0.055610, 0.053670, 0.051090, 0.048310, 0.044140, 0.039270, 0.035880, 0.029260, 0.021830, 0.018130, 0.012810, 0.008820, 0.004708, 0.002280
caseW(1,:,1)= 0.931600, 0.931500, 0.933600, 0.934700, 0.934600, 0.932200, 0.931300, 0.929700, 0.926800, 0.925700, 0.924600, 0.921500, 0.917300, 0.910500, 0.909500, 0.907500, 0.904800, 0.900700, 0.895200, 0.889200, 0.881200, 0.871000, 0.857800, 0.837900, 0.822300, 0.816500, 0.811300, 0.813000, 0.815000, 0.825800, 0.837900, 0.841900, 0.847300, 0.851700, 0.854900, 0.856800, 0.857500, 0.861000, 0.863900, 0.865800, 0.864500, 0.867100, 0.866700, 0.861600, 0.850800, 0.842600, 0.820100, 0.790200, 0.716800, 0.591300
caseW(1,:,2)= 0.905400, 0.904000, 0.905400, 0.905300, 0.903900, 0.899400, 0.895000, 0.892000, 0.887500, 0.885800, 0.884000, 0.879300, 0.873700, 0.865000, 0.863900, 0.861500, 0.858900, 0.855400, 0.850600, 0.844900, 0.837400, 0.829700, 0.815700, 0.799300, 0.789400, 0.790300, 0.793000, 0.798600, 0.807600, 0.826400, 0.843900, 0.851000, 0.858500, 0.863600, 0.868100, 0.870400, 0.872400, 0.876600, 0.879900, 0.882200, 0.881400, 0.884600, 0.884100, 0.879800, 0.869500, 0.861700, 0.840400, 0.810900, 0.739100, 0.612800
caseW(1,:,3)= 0.925500, 0.925100, 0.927000, 0.927700, 0.927200, 0.924400, 0.922700, 0.920800, 0.917000, 0.915700, 0.914300, 0.910400, 0.905200, 0.897400, 0.896400, 0.894100, 0.891500, 0.887700, 0.882600, 0.878000, 0.872000, 0.863900, 0.852400, 0.836500, 0.825200, 0.823500, 0.822200, 0.824900, 0.830000, 0.840800, 0.850300, 0.853500, 0.857400, 0.860800, 0.862800, 0.863200, 0.864000, 0.866100, 0.868000, 0.868300, 0.866400, 0.867100, 0.865200, 0.858900, 0.845600, 0.836500, 0.811900, 0.780200, 0.704900, 0.578800
caseW(1,:,4)= 0.929800, 0.928800, 0.930300, 0.930500, 0.929600, 0.926400, 0.923700, 0.921600, 0.919400, 0.918600, 0.918000, 0.916200, 0.913300, 0.907400, 0.906600, 0.904600, 0.902100, 0.898200, 0.892900, 0.887300, 0.880600, 0.873500, 0.862600, 0.849400, 0.840800, 0.840500, 0.840800, 0.844800, 0.849900, 0.862400, 0.874900, 0.878900, 0.884300, 0.888100, 0.891200, 0.892700, 0.893800, 0.896800, 0.899200, 0.900700, 0.899700, 0.901800, 0.901200, 0.897100, 0.888000, 0.881200, 0.862400, 0.836800, 0.773100, 0.657700
caseW(1,:,5)= 0.910200, 0.908500, 0.909500, 0.909300, 0.908100, 0.903500, 0.898800, 0.896000, 0.892800, 0.891500, 0.890300, 0.887900, 0.884700, 0.878000, 0.877200, 0.875500, 0.873500, 0.870800, 0.867500, 0.862500, 0.857700, 0.857100, 0.849700, 0.847300, 0.848200, 0.854700, 0.861400, 0.868000, 0.875800, 0.888800, 0.902900, 0.906700, 0.913000, 0.916100, 0.919400, 0.921200, 0.922700, 0.926100, 0.928400, 0.930400, 0.930200, 0.933200, 0.933400, 0.932100, 0.927000, 0.923500, 0.912100, 0.896300, 0.854400, 0.770800
caseW(1,:,6)= 0.888800, 0.885300, 0.884500, 0.881800, 0.878400, 0.871500, 0.862800, 0.858200, 0.856200, 0.856000, 0.856400, 0.856700, 0.855900, 0.852800, 0.852000, 0.850800, 0.849700, 0.847700, 0.844200, 0.841500, 0.840000, 0.838900, 0.834700, 0.838200, 0.841100, 0.848300, 0.853300, 0.859000, 0.865400, 0.876200, 0.887400, 0.890400, 0.895800, 0.898900, 0.901700, 0.902700, 0.904400, 0.907200, 0.909500, 0.910900, 0.910400, 0.912900, 0.912500, 0.909900, 0.902300, 0.897200, 0.881200, 0.859600, 0.804000, 0.699000
caseW(1,:,7)= 0.907100, 0.903200, 0.901600, 0.898200, 0.894400, 0.887500, 0.877600, 0.872700, 0.870200, 0.870100, 0.870000, 0.869500, 0.868000, 0.865900, 0.865100, 0.865100, 0.865300, 0.864400, 0.862500, 0.861300, 0.864200, 0.866600, 0.865800, 0.875100, 0.881400, 0.891500, 0.897800, 0.904000, 0.911200, 0.922000, 0.931000, 0.933900, 0.938200, 0.940900, 0.943100, 0.943900, 0.945800, 0.947500, 0.949500, 0.950500, 0.950600, 0.952600, 0.952500, 0.951800, 0.947800, 0.945400, 0.936700, 0.925100, 0.893400, 0.827800
caseW(1,:,8)= 0.863300, 0.862500, 0.865000, 0.867100, 0.867000, 0.862300, 0.859200, 0.856700, 0.852400, 0.850500, 0.848500, 0.844000, 0.838000, 0.828300, 0.826900, 0.824200, 0.820600, 0.815300, 0.808400, 0.801200, 0.792100, 0.781400, 0.761600, 0.729200, 0.705700, 0.697300, 0.693100, 0.696300, 0.704900, 0.728500, 0.748800, 0.757900, 0.765500, 0.772500, 0.777600, 0.780200, 0.781500, 0.786300, 0.790200, 0.792500, 0.790500, 0.793000, 0.791600, 0.783000, 0.766500, 0.753300, 0.721400, 0.679400, 0.586100, 0.446100
caseW(1,:,9)= 0.882700, 0.881000, 0.880900, 0.879300, 0.876800, 0.871900, 0.865200, 0.861400, 0.858800, 0.858600, 0.858100, 0.856200, 0.852300, 0.847000, 0.846200, 0.844500, 0.841800, 0.837400, 0.831100, 0.826600, 0.821700, 0.816200, 0.806200, 0.795400, 0.789500, 0.790300, 0.792900, 0.796400, 0.805000, 0.821500, 0.833900, 0.841100, 0.846000, 0.850900, 0.853900, 0.854600, 0.857400, 0.860000, 0.862500, 0.862800, 0.862200, 0.863200, 0.860500, 0.854700, 0.839200, 0.829200, 0.801200, 0.764600, 0.680200, 0.542200
caseW(1,:,10)= 0.925200, 0.923600, 0.924300, 0.924000, 0.922600, 0.918600, 0.915200, 0.912700, 0.909800, 0.908600, 0.908200, 0.906000, 0.903300, 0.899700, 0.898900, 0.898000, 0.897500, 0.896300, 0.894100, 0.892300, 0.890800, 0.888400, 0.885300, 0.885800, 0.885800, 0.889400, 0.891700, 0.894400, 0.899800, 0.907100, 0.912900, 0.915600, 0.918100, 0.920500, 0.921700, 0.921700, 0.923000, 0.924100, 0.925500, 0.925400, 0.924600, 0.925000, 0.923400, 0.919700, 0.910400, 0.904400, 0.886900, 0.863500, 0.804900, 0.695500
caseW(1,:,11)= 0.929000, 0.928600, 0.930400, 0.931100, 0.930600, 0.927900, 0.926100, 0.924300, 0.921200, 0.920100, 0.919000, 0.916000, 0.911900, 0.905100, 0.904300, 0.902300, 0.899800, 0.895900, 0.890400, 0.885000, 0.878100, 0.869500, 0.857600, 0.841200, 0.829400, 0.827100, 0.825100, 0.828100, 0.832300, 0.844100, 0.855500, 0.859400, 0.864300, 0.868300, 0.871200, 0.872400, 0.873300, 0.876200, 0.878700, 0.879900, 0.878500, 0.880400, 0.879400, 0.874300, 0.863300, 0.855300, 0.833300, 0.804300, 0.733200, 0.610300
caseW(1,:,12)= 0.929000, 0.928600, 0.930400, 0.931100, 0.930600, 0.927900, 0.926100, 0.924300, 0.921200, 0.920100, 0.919000, 0.916000, 0.911900, 0.905100, 0.904300, 0.902300, 0.899800, 0.895900, 0.890400, 0.885000, 0.878100, 0.869500, 0.857600, 0.841200, 0.829400, 0.827100, 0.825100, 0.828100, 0.832300, 0.844100, 0.855500, 0.859400, 0.864300, 0.868300, 0.871200, 0.872400, 0.873300, 0.876200, 0.878700, 0.879900, 0.878500, 0.880400, 0.879400, 0.874300, 0.863300, 0.855300, 0.833300, 0.804300, 0.733200, 0.610300
caseG(1,:,1)= 0.748300, 0.735600, 0.731100, 0.729200, 0.726700, 0.710200, 0.689300, 0.683500, 0.669000, 0.661600, 0.651500, 0.630400, 0.612300, 0.583300, 0.579200, 0.571500, 0.560800, 0.546800, 0.530500, 0.514300, 0.500800, 0.491900, 0.479800, 0.496200, 0.523700, 0.560600, 0.595800, 0.615300, 0.641800, 0.665600, 0.684400, 0.680400, 0.689800, 0.690400, 0.694800, 0.693300, 0.687800, 0.693900, 0.693700, 0.695200, 0.684900, 0.685400, 0.683000, 0.665000, 0.642400, 0.624900, 0.589400, 0.546600, 0.459300, 0.346700
caseG(1,:,2)= 0.758600, 0.744000, 0.738200, 0.732900, 0.728400, 0.710800, 0.686800, 0.679300, 0.663300, 0.655900, 0.646000, 0.624000, 0.605100, 0.577400, 0.573800, 0.567400, 0.558900, 0.548400, 0.536600, 0.524700, 0.518700, 0.520900, 0.520300, 0.556700, 0.590900, 0.625500, 0.653100, 0.665500, 0.680600, 0.688500, 0.702900, 0.698100, 0.707200, 0.707100, 0.711700, 0.710000, 0.703900, 0.709700, 0.709200, 0.709800, 0.698600, 0.696700, 0.692500, 0.669700, 0.642100, 0.619000, 0.576200, 0.521800, 0.420000, 0.300100
caseG(1,:,3)= 0.754100, 0.740900, 0.737000, 0.733600, 0.730200, 0.713300, 0.692700, 0.686300, 0.671200, 0.663900, 0.654400, 0.634300, 0.616300, 0.588300, 0.584800, 0.577800, 0.568300, 0.555600, 0.540300, 0.526600, 0.517200, 0.511700, 0.504000, 0.528000, 0.559200, 0.595000, 0.626400, 0.643700, 0.665900, 0.683300, 0.696900, 0.691600, 0.698700, 0.698500, 0.700800, 0.697000, 0.692700, 0.695800, 0.694900, 0.693700, 0.683400, 0.681300, 0.677000, 0.659100, 0.634300, 0.617800, 0.582100, 0.541900, 0.460400, 0.355600
caseG(1,:,4)= 0.753700, 0.739100, 0.734200, 0.729900, 0.725900, 0.708400, 0.685700, 0.678700, 0.663000, 0.655500, 0.645700, 0.624400, 0.605900, 0.577900, 0.574400, 0.568000, 0.559300, 0.548200, 0.535700, 0.523000, 0.516200, 0.516800, 0.513300, 0.545300, 0.575700, 0.609300, 0.635800, 0.649900, 0.665900, 0.676700, 0.692900, 0.687100, 0.696900, 0.696700, 0.701300, 0.699100, 0.693400, 0.699400, 0.699000, 0.699800, 0.688700, 0.688000, 0.684500, 0.664000, 0.638400, 0.618200, 0.578800, 0.530600, 0.437100, 0.322500
caseG(1,:,5)= 0.756500, 0.743200, 0.739200, 0.735500, 0.732200, 0.716500, 0.698100, 0.692400, 0.678400, 0.671600, 0.663100, 0.647200, 0.633700, 0.611500, 0.608700, 0.604500, 0.599400, 0.594300, 0.589300, 0.581000, 0.578600, 0.589400, 0.591800, 0.629500, 0.653000, 0.676200, 0.689100, 0.695000, 0.697600, 0.690400, 0.701800, 0.692900, 0.703100, 0.701300, 0.706600, 0.705200, 0.698100, 0.705900, 0.705300, 0.707600, 0.696300, 0.696900, 0.694300, 0.673000, 0.648200, 0.626300, 0.585700, 0.532700, 0.429400, 0.303200
caseG(1,:,6)= 0.764000, 0.748400, 0.742300, 0.734300, 0.727900, 0.711100, 0.689500, 0.681400, 0.666700, 0.661200, 0.655800, 0.640500, 0.628600, 0.614500, 0.614500, 0.612700, 0.611100, 0.610400, 0.607600, 0.606200, 0.614100, 0.627000, 0.632900, 0.668900, 0.683200, 0.697800, 0.700700, 0.704300, 0.701900, 0.693700, 0.701500, 0.692500, 0.700400, 0.699100, 0.702800, 0.700500, 0.694600, 0.700400, 0.699800, 0.700900, 0.690500, 0.690200, 0.687000, 0.667000, 0.641500, 0.620400, 0.579500, 0.527400, 0.425100, 0.297900
caseG(1,:,7)= 0.764100, 0.749700, 0.743900, 0.736000, 0.729100, 0.713800, 0.693700, 0.685300, 0.671400, 0.667700, 0.663000, 0.649400, 0.637700, 0.626200, 0.626800, 0.625400, 0.625600, 0.625500, 0.622400, 0.622400, 0.633300, 0.649800, 0.654000, 0.691200, 0.701600, 0.716900, 0.714600, 0.719100, 0.713600, 0.699400, 0.708300, 0.697000, 0.708800, 0.706200, 0.710700, 0.707500, 0.703300, 0.710100, 0.709500, 0.710500, 0.699800, 0.700900, 0.697400, 0.677800, 0.651000, 0.630200, 0.587800, 0.533900, 0.427100, 0.295400
caseG(1,:,8)= 0.750100, 0.738100, 0.729000, 0.724300, 0.721000, 0.706400, 0.679900, 0.673300, 0.659500, 0.652300, 0.641700, 0.618500, 0.599600, 0.570700, 0.566300, 0.558300, 0.547600, 0.534200, 0.519000, 0.503800, 0.490600, 0.483200, 0.474200, 0.491900, 0.525600, 0.566000, 0.609100, 0.629100, 0.660600, 0.689200, 0.705900, 0.704000, 0.709700, 0.710700, 0.713500, 0.711600, 0.704600, 0.707500, 0.706500, 0.705700, 0.694600, 0.689700, 0.685100, 0.662900, 0.636300, 0.615100, 0.576200, 0.529800, 0.442200, 0.334200
caseG(1,:,9)= 0.770100, 0.756000, 0.750800, 0.742700, 0.736600, 0.720500, 0.699000, 0.691000, 0.675900, 0.670300, 0.663700, 0.646700, 0.630900, 0.613200, 0.611500, 0.607600, 0.602400, 0.595400, 0.586000, 0.582300, 0.584000, 0.585700, 0.587000, 0.613800, 0.636100, 0.658600, 0.675300, 0.684800, 0.698800, 0.708200, 0.718200, 0.716500, 0.723400, 0.723600, 0.725700, 0.721800, 0.720300, 0.722800, 0.721700, 0.718800, 0.709800, 0.705800, 0.698400, 0.677800, 0.645400, 0.623500, 0.577200, 0.522200, 0.419500, 0.299300
caseG(1,:,10)= 0.760100, 0.745000, 0.741300, 0.735900, 0.731500, 0.714200, 0.694900, 0.688200, 0.673800, 0.667200, 0.661200, 0.645800, 0.633300, 0.615800, 0.615200, 0.612000, 0.608700, 0.606000, 0.599900, 0.599600, 0.606600, 0.614200, 0.618700, 0.650600, 0.665100, 0.681800, 0.685100, 0.690800, 0.694100, 0.691500, 0.698700, 0.692400, 0.699800, 0.699500, 0.701800, 0.697400, 0.694600, 0.698100, 0.697800, 0.696200, 0.686400, 0.684400, 0.678700, 0.659100, 0.629300, 0.608800, 0.565100, 0.513600, 0.414400, 0.293800
caseG(1,:,11)= 0.752100, 0.738600, 0.734300, 0.731100, 0.727800, 0.710800, 0.689500, 0.683100, 0.668000, 0.660600, 0.650800, 0.629900, 0.611800, 0.583300, 0.579600, 0.572500, 0.562900, 0.550200, 0.535400, 0.521100, 0.511100, 0.506500, 0.498600, 0.523000, 0.553200, 0.589100, 0.620100, 0.637300, 0.658700, 0.675800, 0.692000, 0.686800, 0.695700, 0.695800, 0.699500, 0.697000, 0.692000, 0.697000, 0.696500, 0.696800, 0.686200, 0.685400, 0.681900, 0.663000, 0.638400, 0.620200, 0.583000, 0.539000, 0.451200, 0.340500
caseG(1,:,12)= 0.752100, 0.738600, 0.734300, 0.731100, 0.727800, 0.710800, 0.689500, 0.683100, 0.668000, 0.660600, 0.650800, 0.629900, 0.611800, 0.583300, 0.579600, 0.572500, 0.562900, 0.550200, 0.535400, 0.521100, 0.511100, 0.506500, 0.498600, 0.523000, 0.553200, 0.589100, 0.620100, 0.637300, 0.658700, 0.675800, 0.692000, 0.686800, 0.695700, 0.695800, 0.699500, 0.697000, 0.692000, 0.697000, 0.696500, 0.696800, 0.686200, 0.685400, 0.681900, 0.663000, 0.638400, 0.620200, 0.583000, 0.539000, 0.451200, 0.340500
caseR(1,1)= 0.207100
caseR(1,2)= 0.239200
caseR(1,3)= 0.212100
caseR(1,4)= 0.224100
caseR(1,5)= 0.355900
caseR(1,6)= 0.323200
caseR(1,7)= 0.422600
caseR(1,8)= 0.201400
caseR(1,9)= 0.242900
caseR(1,10)= 0.293500
caseR(1,11)= 0.214200
caseR(1,12)= 0.214200
caseD(1,1)= 1.30500
caseD(1,2)= 1.24600
caseD(1,3)= 1.25500 
caseD(1,4)= 1.23200
caseD(1,5)= 1.38000
caseD(1,6)= 1.18200
caseD(1,7)= 1.15400
caseD(1,8)= 1.27200
caseD(1,9)= 1.14200
caseD(1,10)= 1.48500
caseD(1,11)= 1.26400
caseD(1,12)= 1.26400

/
